# The six-dimensional phase space data in the global Cartesian coordinates
# Part. ID    x [m]       beta_x*gamma       y [m]      beta_y*gamma        z [m]      beta_z*gamma
ID0 2.13140000e+00 -2.40000000e-04 0.00000000e+00 3.99201810e-01 0.00000000e+00 0.00000000e+00
ID0 2.13119211e+00 -8.83629665e-03 1.82847819e-02 3.99104075e-01 0.00000000e+00 0.00000000e+00
ID0 2.13059048e+00 -1.74306485e-02 3.65608452e-02 3.98821157e-01 0.00000000e+00 0.00000000e+00
ID0 2.12959533e+00 -2.60171608e-02 5.48197094e-02 3.98353173e-01 0.00000000e+00 0.00000000e+00
ID0 2.12820717e+00 -3.45894891e-02 7.30529062e-02 3.97700528e-01 0.00000000e+00 0.00000000e+00
ID0 2.12642679e+00 -4.31411484e-02 9.12519929e-02 3.96863937e-01 0.00000000e+00 0.00000000e+00
ID0 2.12425527e+00 -5.16665851e-02 1.09408563e-01 3.95844296e-01 0.00000000e+00 0.00000000e+00
ID0 2.12169394e+00 -6.01597951e-02 1.27514260e-01 3.94642803e-01 0.00000000e+00 0.00000000e+00
ID0 2.11874444e+00 -6.86139811e-02 1.45560789e-01 3.93261064e-01 0.00000000e+00 0.00000000e+00
ID0 2.11540878e+00 -7.70197167e-02 1.63539951e-01 3.91701553e-01 0.00000000e+00 0.00000000e+00
ID0 2.11168948e+00 -8.53634556e-02 1.81443691e-01 3.89968234e-01 0.00000000e+00 0.00000000e+00
ID0 2.10759007e+00 -9.36148691e-02 1.99264255e-01 3.88070096e-01 0.00000000e+00 0.00000000e+00
ID0 2.10311610e+00 -1.01716989e-01 2.16994516e-01 3.86025643e-01 0.00000000e+00 0.00000000e+00
ID0 2.09827809e+00 -1.09508239e-01 2.34628992e-01 3.83888120e-01 0.00000000e+00 0.00000000e+00
ID0 2.09309601e+00 -1.16739489e-01 2.52165564e-01 3.81751273e-01 0.00000000e+00 0.00000000e+00
ID0 2.08760323e+00 -1.23072689e-01 2.69607512e-01 3.79756838e-01 0.00000000e+00 0.00000000e+00
ID0 2.08184558e+00 -1.28303831e-01 2.86964032e-01 3.78021521e-01 0.00000000e+00 0.00000000e+00
ID0 2.07587328e+00 -1.32444522e-01 3.04248035e-01 3.76590748e-01 0.00000000e+00 0.00000000e+00
ID0 2.06973217e+00 -1.35673540e-01 3.21472898e-01 3.75439521e-01 0.00000000e+00 0.00000000e+00
ID0 2.06345870e+00 -1.38223797e-01 3.38650059e-01 3.74508111e-01 0.00000000e+00 0.00000000e+00
ID0 2.05707962e+00 -1.40284014e-01 3.55788323e-01 3.73741272e-01 0.00000000e+00 0.00000000e+00
ID0 2.05061454e+00 -1.41978665e-01 3.72894352e-01 3.73100793e-01 0.00000000e+00 0.00000000e+00
ID0 2.04407814e+00 -1.43397949e-01 3.89973271e-01 3.72557608e-01 0.00000000e+00 0.00000000e+00
ID0 2.03748172e+00 -1.44598842e-01 4.07029110e-01 3.72093158e-01 0.00000000e+00 0.00000000e+00
ID0 2.03083427e+00 -1.45625912e-01 4.24065132e-01 3.71692395e-01 0.00000000e+00 0.00000000e+00
ID0 2.02414306e+00 -1.46509697e-01 4.41084016e-01 3.71344923e-01 0.00000000e+00 0.00000000e+00
ID0 2.01741406e+00 -1.47275531e-01 4.58088000e-01 3.71041859e-01 0.00000000e+00 0.00000000e+00
ID0 2.01065228e+00 -1.47941019e-01 4.75078977e-01 3.70777019e-01 0.00000000e+00 0.00000000e+00
ID0 2.00386194e+00 -1.48522097e-01 4.92058564e-01 3.70544639e-01 0.00000000e+00 0.00000000e+00
ID0 1.99704666e+00 -1.49030427e-01 5.09028154e-01 3.70340485e-01 0.00000000e+00 0.00000000e+00
ID0 1.99020950e+00 -1.49476818e-01 5.25988945e-01 3.70160538e-01 0.00000000e+00 0.00000000e+00
ID0 1.98335313e+00 -1.49869565e-01 5.42941977e-01 3.70001698e-01 0.00000000e+00 0.00000000e+00
ID0 1.97647982e+00 -1.50216341e-01 5.59888149e-01 3.69861047e-01 0.00000000e+00 0.00000000e+00
ID0 1.96959153e+00 -1.50523359e-01 5.76828240e-01 3.69736205e-01 0.00000000e+00 0.00000000e+00
ID0 1.96268996e+00 -1.50796238e-01 5.93762925e-01 3.69624996e-01 0.00000000e+00 0.00000000e+00
ID0 1.95577657e+00 -1.51039601e-01 6.10692786e-01 3.69525617e-01 0.00000000e+00 0.00000000e+00
ID0 1.94885261e+00 -1.51257603e-01 6.27618328e-01 3.69436436e-01 0.00000000e+00 0.00000000e+00
ID0 1.94191916e+00 -1.51453961e-01 6.44539985e-01 3.69355981e-01 0.00000000e+00 0.00000000e+00
ID0 1.93497714e+00 -1.51631775e-01 6.61458128e-01 3.69283018e-01 0.00000000e+00 0.00000000e+00
ID0 1.92802733e+00 -1.51794064e-01 6.78373072e-01 3.69216339e-01 0.00000000e+00 0.00000000e+00
ID0 1.92107038e+00 -1.51943286e-01 6.95285083e-01 3.69154955e-01 0.00000000e+00 0.00000000e+00
ID0 1.91410684e+00 -1.52081932e-01 7.12194381e-01 3.69097858e-01 0.00000000e+00 0.00000000e+00
ID0 1.90713714e+00 -1.52212028e-01 7.29101142e-01 3.69044227e-01 0.00000000e+00 0.00000000e+00
ID0 1.90016163e+00 -1.52335809e-01 7.46005505e-01 3.68993149e-01 0.00000000e+00 0.00000000e+00
ID0 1.89318056e+00 -1.52454998e-01 7.62907571e-01 3.68943921e-01 0.00000000e+00 0.00000000e+00
ID0 1.88619408e+00 -1.52571652e-01 7.79807404e-01 3.68895695e-01 0.00000000e+00 0.00000000e+00
ID0 1.87920228e+00 -1.52687531e-01 7.96705035e-01 3.68847747e-01 0.00000000e+00 0.00000000e+00
ID0 1.87220514e+00 -1.52804558e-01 8.13600457e-01 3.68799281e-01 0.00000000e+00 0.00000000e+00
ID0 1.86520257e+00 -1.52924590e-01 8.30493630e-01 3.68749526e-01 0.00000000e+00 0.00000000e+00
ID0 1.85819440e+00 -1.53049534e-01 8.47384475e-01 3.68697685e-01 0.00000000e+00 0.00000000e+00
ID0 1.85118033e+00 -1.53181478e-01 8.64272878e-01 3.68642886e-01 0.00000000e+00 0.00000000e+00
ID0 1.84416001e+00 -1.53322714e-01 8.81158681e-01 3.68584167e-01 0.00000000e+00 0.00000000e+00
ID0 1.83713295e+00 -1.53476048e-01 8.98041678e-01 3.68520346e-01 0.00000000e+00 0.00000000e+00
ID0 1.83009851e+00 -1.53644648e-01 9.14921603e-01 3.68450085e-01 0.00000000e+00 0.00000000e+00
ID0 1.82305589e+00 -1.53832970e-01 9.31798119e-01 3.68371498e-01 0.00000000e+00 0.00000000e+00
ID0 1.81600411e+00 -1.54044923e-01 9.48670806e-01 3.68282914e-01 0.00000000e+00 0.00000000e+00
ID0 1.80894198e+00 -1.54284616e-01 9.65539165e-01 3.68182564e-01 0.00000000e+00 0.00000000e+00
ID0 1.80186817e+00 -1.54554806e-01 9.82402630e-01 3.68069226e-01 0.00000000e+00 0.00000000e+00
ID0 1.79478121e+00 -1.54859084e-01 9.99260569e-01 3.67941309e-01 0.00000000e+00 0.00000000e+00
ID0 1.78767943e+00 -1.55201562e-01 1.01611227e+00 3.67796980e-01 0.00000000e+00 0.00000000e+00
ID0 1.78056095e+00 -1.55588465e-01 1.03295693e+00 3.67633476e-01 0.00000000e+00 0.00000000e+00
ID0 1.77342357e+00 -1.56026504e-01 1.04979358e+00 3.67447783e-01 0.00000000e+00 0.00000000e+00
ID0 1.76626474e+00 -1.56524759e-01 1.06662113e+00 3.67235814e-01 0.00000000e+00 0.00000000e+00
ID0 1.75908149e+00 -1.57093051e-01 1.08343826e+00 3.66993074e-01 0.00000000e+00 0.00000000e+00
ID0 1.75187030e+00 -1.57744418e-01 1.10024343e+00 3.66713569e-01 0.00000000e+00 0.00000000e+00
ID0 1.74462704e+00 -1.58493496e-01 1.11703480e+00 3.66390440e-01 0.00000000e+00 0.00000000e+00
ID0 1.73734677e+00 -1.59360052e-01 1.13381015e+00 3.66014367e-01 0.00000000e+00 0.00000000e+00
ID0 1.73002359e+00 -1.60366901e-01 1.15056681e+00 3.65574343e-01 0.00000000e+00 0.00000000e+00
ID0 1.72265032e+00 -1.61546921e-01 1.16730148e+00 3.65054428e-01 0.00000000e+00 0.00000000e+00
ID0 1.71521814e+00 -1.62938603e-01 1.18401007e+00 3.64435392e-01 0.00000000e+00 0.00000000e+00
ID0 1.70771598e+00 -1.64602512e-01 1.20068733e+00 3.63686893e-01 0.00000000e+00 0.00000000e+00
ID0 1.70012962e+00 -1.66614936e-01 1.21732643e+00 3.62769357e-01 0.00000000e+00 0.00000000e+00
ID0 1.69244015e+00 -1.69104039e-01 1.23391810e+00 3.61615773e-01 0.00000000e+00 0.00000000e+00
ID0 1.68462227e+00 -1.72221500e-01 1.25044957e+00 3.60141497e-01 0.00000000e+00 0.00000000e+00
ID0 1.67664211e+00 -1.76188928e-01 1.26690321e+00 3.58217259e-01 0.00000000e+00 0.00000000e+00
ID0 1.66845778e+00 -1.81135515e-01 1.28325606e+00 3.55741575e-01 0.00000000e+00 0.00000000e+00
ID0 1.66002526e+00 -1.87024766e-01 1.29948211e+00 3.52680989e-01 0.00000000e+00 0.00000000e+00
ID0 1.65130649e+00 -1.93633128e-01 1.31555596e+00 3.49096483e-01 0.00000000e+00 0.00000000e+00
ID0 1.64227625e+00 -2.00623172e-01 1.33145679e+00 3.45126768e-01 0.00000000e+00 0.00000000e+00
ID0 1.63292253e+00 -2.07756480e-01 1.34716942e+00 3.40880313e-01 0.00000000e+00 0.00000000e+00
ID0 1.62324189e+00 -2.14896045e-01 1.36268275e+00 3.36425078e-01 0.00000000e+00 0.00000000e+00
ID0 1.61323532e+00 -2.21986511e-01 1.37798785e+00 3.31789289e-01 0.00000000e+00 0.00000000e+00
ID0 1.60290562e+00 -2.29003683e-01 1.39307675e+00 3.26985407e-01 0.00000000e+00 0.00000000e+00
ID0 1.59225646e+00 -2.35934292e-01 1.40794189e+00 3.22020423e-01 0.00000000e+00 0.00000000e+00
ID0 1.58129198e+00 -2.42770216e-01 1.42257600e+00 3.16898667e-01 0.00000000e+00 0.00000000e+00
ID0 1.57001668e+00 -2.49504901e-01 1.43697198e+00 3.11623887e-01 0.00000000e+00 0.00000000e+00
ID0 1.55843530e+00 -2.56133068e-01 1.45112290e+00 3.06199272e-01 0.00000000e+00 0.00000000e+00
ID0 1.54655285e+00 -2.62649936e-01 1.46502196e+00 3.00627933e-01 0.00000000e+00 0.00000000e+00
ID0 1.53437451e+00 -2.69051109e-01 1.47866252e+00 2.94912942e-01 0.00000000e+00 0.00000000e+00
ID0 1.52190569e+00 -2.75332383e-01 1.49203806e+00 2.89057472e-01 0.00000000e+00 0.00000000e+00
ID0 1.50915196e+00 -2.81489959e-01 1.50514221e+00 2.83064561e-01 0.00000000e+00 0.00000000e+00
ID0 1.49611909e+00 -2.87519780e-01 1.51796878e+00 2.76937753e-01 0.00000000e+00 0.00000000e+00
ID0 1.48281301e+00 -2.93417976e-01 1.53051169e+00 2.70680687e-01 0.00000000e+00 0.00000000e+00
ID0 1.46923985e+00 -2.99180349e-01 1.54276509e+00 2.64297676e-01 0.00000000e+00 0.00000000e+00
ID0 1.45540593e+00 -3.04802832e-01 1.55472332e+00 2.57793283e-01 0.00000000e+00 0.00000000e+00
ID0 1.44131775e+00 -3.10281185e-01 1.56638092e+00 2.51172707e-01 0.00000000e+00 0.00000000e+00
ID0 1.42698199e+00 -3.15612066e-01 1.57773268e+00 2.44440518e-01 0.00000000e+00 0.00000000e+00
ID0 1.41240549e+00 -3.20792125e-01 1.58877361e+00 2.37601674e-01 0.00000000e+00 0.00000000e+00
ID0 1.39759522e+00 -3.25817720e-01 1.59949894e+00 2.30661996e-01 0.00000000e+00 0.00000000e+00
ID0 1.38255839e+00 -3.30684277e-01 1.60990425e+00 2.23629274e-01 0.00000000e+00 0.00000000e+00
ID0 1.36730241e+00 -3.35385097e-01 1.61998554e+00 2.16515541e-01 0.00000000e+00 0.00000000e+00
ID0 1.35183518e+00 -3.39907646e-01 1.62973963e+00 2.09344059e-01 0.00000000e+00 0.00000000e+00
ID0 1.33616547e+00 -3.44225289e-01 1.63916506e+00 2.02166004e-01 0.00000000e+00 0.00000000e+00
ID0 1.32030408e+00 -3.48276575e-01 1.64826432e+00 1.95103998e-01 0.00000000e+00 0.00000000e+00
ID0 1.30426585e+00 -3.51945867e-01 1.65704838e+00 1.88404484e-01 0.00000000e+00 0.00000000e+00
ID0 1.28807117e+00 -3.55106962e-01 1.66554093e+00 1.82376503e-01 0.00000000e+00 0.00000000e+00
ID0 1.27174534e+00 -3.57671906e-01 1.67377898e+00 1.77293403e-01 0.00000000e+00 0.00000000e+00
ID0 1.25531509e+00 -3.59665787e-01 1.68180714e+00 1.73212774e-01 0.00000000e+00 0.00000000e+00
ID0 1.23880409e+00 -3.61197632e-01 1.68966815e+00 1.69995335e-01 0.00000000e+00 0.00000000e+00
ID0 1.22223085e+00 -3.62382770e-01 1.69739725e+00 1.67454087e-01 0.00000000e+00 0.00000000e+00
ID0 1.20560880e+00 -3.63329038e-01 1.70502089e+00 1.65390910e-01 0.00000000e+00 0.00000000e+00
ID0 1.18894749e+00 -3.64096818e-01 1.71255841e+00 1.63693769e-01 0.00000000e+00 0.00000000e+00
ID0 1.17225400e+00 -3.64734060e-01 1.72002441e+00 1.62268939e-01 0.00000000e+00 0.00000000e+00
ID0 1.15553367e+00 -3.65268564e-01 1.72743014e+00 1.61062159e-01 0.00000000e+00 0.00000000e+00
ID0 1.13879069e+00 -3.65722614e-01 1.73478456e+00 1.60028475e-01 0.00000000e+00 0.00000000e+00
ID0 1.12202843e+00 -3.66110922e-01 1.74209490e+00 1.59138102e-01 0.00000000e+00 0.00000000e+00
ID0 1.10524959e+00 -3.66445742e-01 1.74936716e+00 1.58365594e-01 0.00000000e+00 0.00000000e+00
ID0 1.08845646e+00 -3.66735397e-01 1.75660633e+00 1.57693664e-01 0.00000000e+00 0.00000000e+00
ID0 1.07165092e+00 -3.66987370e-01 1.76381666e+00 1.57106376e-01 0.00000000e+00 0.00000000e+00
ID0 1.05483458e+00 -3.67207026e-01 1.77100177e+00 1.56592283e-01 0.00000000e+00 0.00000000e+00
ID0 1.03800880e+00 -3.67399384e-01 1.77816475e+00 1.56140436e-01 0.00000000e+00 0.00000000e+00
ID0 1.02117475e+00 -3.67568111e-01 1.78530827e+00 1.55742822e-01 0.00000000e+00 0.00000000e+00
ID0 1.00433343e+00 -3.67716787e-01 1.79243464e+00 1.55391466e-01 0.00000000e+00 0.00000000e+00
ID0 9.87485704e-01 -3.67848032e-01 1.79954584e+00 1.55080522e-01 0.00000000e+00 0.00000000e+00
ID0 9.70632300e-01 -3.67964518e-01 1.80664359e+00 1.54803930e-01 0.00000000e+00 0.00000000e+00
ID0 9.53773854e-01 -3.68068116e-01 1.81372935e+00 1.54557448e-01 0.00000000e+00 0.00000000e+00
ID0 9.36910913e-01 -3.68160813e-01 1.82080440e+00 1.54336512e-01 0.00000000e+00 0.00000000e+00
ID0 9.20043941e-01 -3.68244079e-01 1.82786985e+00 1.54137734e-01 0.00000000e+00 0.00000000e+00
ID0 9.03173337e-01 -3.68319397e-01 1.83492661e+00 1.53957673e-01 0.00000000e+00 0.00000000e+00
ID0 8.86299438e-01 -3.68387939e-01 1.84197549e+00 1.53793593e-01 0.00000000e+00 0.00000000e+00
ID0 8.69422527e-01 -3.68450879e-01 1.84901716e+00 1.53642745e-01 0.00000000e+00 0.00000000e+00
ID0 8.52542839e-01 -3.68509178e-01 1.85605217e+00 1.53502863e-01 0.00000000e+00 0.00000000e+00
ID0 8.35660566e-01 -3.68563787e-01 1.86308098e+00 1.53371698e-01 0.00000000e+00 0.00000000e+00
ID0 8.18775855e-01 -3.68615571e-01 1.87010392e+00 1.53247198e-01 0.00000000e+00 0.00000000e+00
ID0 8.01888819e-01 -3.68665310e-01 1.87712128e+00 1.53127504e-01 0.00000000e+00 0.00000000e+00
ID0 7.84999533e-01 -3.68713829e-01 1.88413321e+00 1.53010637e-01 0.00000000e+00 0.00000000e+00
ID0 7.68108035e-01 -3.68761870e-01 1.89113982e+00 1.52894820e-01 0.00000000e+00 0.00000000e+00
ID0 7.51214328e-01 -3.68810250e-01 1.89814110e+00 1.52778082e-01 0.00000000e+00 0.00000000e+00
ID0 7.34318381e-01 -3.68859687e-01 1.90513697e+00 1.52658685e-01 0.00000000e+00 0.00000000e+00
ID0 7.17420126e-01 -3.68911042e-01 1.91212726e+00 1.52534541e-01 0.00000000e+00 0.00000000e+00
ID0 7.00519456e-01 -3.68965072e-01 1.91911171e+00 1.52403801e-01 0.00000000e+00 0.00000000e+00
ID0 6.83616227e-01 -3.69022798e-01 1.92608997e+00 1.52263973e-01 0.00000000e+00 0.00000000e+00
ID0 6.66710246e-01 -3.69085232e-01 1.93306156e+00 1.52112572e-01 0.00000000e+00 0.00000000e+00
ID0 6.49801265e-01 -3.69153752e-01 1.94002587e+00 1.51946209e-01 0.00000000e+00 0.00000000e+00
ID0 6.32888969e-01 -3.69229970e-01 1.94698212e+00 1.51760905e-01 0.00000000e+00 0.00000000e+00
ID0 6.15972965e-01 -3.69315662e-01 1.95392935e+00 1.51552251e-01 0.00000000e+00 0.00000000e+00
ID0 5.99052783e-01 -3.69412356e-01 1.96086640e+00 1.51316405e-01 0.00000000e+00 0.00000000e+00
ID0 5.82127891e-01 -3.69521298e-01 1.96779195e+00 1.51050168e-01 0.00000000e+00 0.00000000e+00
ID0 5.65197699e-01 -3.69643768e-01 1.97470453e+00 1.50750216e-01 0.00000000e+00 0.00000000e+00
ID0 5.48261550e-01 -3.69781371e-01 1.98160250e+00 1.50412370e-01 0.00000000e+00 0.00000000e+00
ID0 5.31318698e-01 -3.69936415e-01 1.98848400e+00 1.50030636e-01 0.00000000e+00 0.00000000e+00
ID0 5.14368286e-01 -3.70111463e-01 1.99534684e+00 1.49598288e-01 0.00000000e+00 0.00000000e+00
ID0 4.97409317e-01 -3.70309959e-01 2.00218851e+00 1.49106261e-01 0.00000000e+00 0.00000000e+00
ID0 4.80440636e-01 -3.70535520e-01 2.00900606e+00 1.48544845e-01 0.00000000e+00 0.00000000e+00
ID0 4.63460890e-01 -3.70793081e-01 2.01579599e+00 1.47900758e-01 0.00000000e+00 0.00000000e+00
ID0 4.46468492e-01 -3.71087826e-01 2.02255420e+00 1.47159669e-01 0.00000000e+00 0.00000000e+00
ID0 4.29461573e-01 -3.71427108e-01 2.02927576e+00 1.46301217e-01 0.00000000e+00 0.00000000e+00
ID0 4.12437913e-01 -3.71818743e-01 2.03595481e+00 1.45303012e-01 0.00000000e+00 0.00000000e+00
ID0 3.95394844e-01 -3.72274477e-01 2.04258415e+00 1.44131388e-01 0.00000000e+00 0.00000000e+00
ID0 3.78329134e-01 -3.72807227e-01 2.04915497e+00 1.42747731e-01 0.00000000e+00 0.00000000e+00
ID0 3.61236791e-01 -3.73437274e-01 2.05565616e+00 1.41091266e-01 0.00000000e+00 0.00000000e+00
ID0 3.44112781e-01 -3.74189794e-01 2.06207341e+00 1.39083217e-01 0.00000000e+00 0.00000000e+00
ID0 3.26950587e-01 -3.75104388e-01 2.06838773e+00 1.36597369e-01 0.00000000e+00 0.00000000e+00
ID0 3.09741654e-01 -3.76230381e-01 2.07457336e+00 1.33464765e-01 0.00000000e+00 0.00000000e+00
ID0 2.92474930e-01 -3.77627517e-01 2.08059549e+00 1.29458879e-01 0.00000000e+00 0.00000000e+00
ID0 2.75137244e-01 -3.79328566e-01 2.08640968e+00 1.24386422e-01 0.00000000e+00 0.00000000e+00
ID0 2.57715512e-01 -3.81296932e-01 2.09196634e+00 1.18215029e-01 0.00000000e+00 0.00000000e+00
ID0 2.40200051e-01 -3.83420711e-01 2.09721946e+00 1.11133710e-01 0.00000000e+00 0.00000000e+00
ID0 2.22586797e-01 -3.85566554e-01 2.10213424e+00 1.03443586e-01 0.00000000e+00 0.00000000e+00
ID0 2.04877207e-01 -3.87626714e-01 2.10668943e+00 9.54341305e-02 0.00000000e+00 0.00000000e+00
ID0 1.87076379e-01 -3.89549941e-01 2.11087377e+00 8.72524281e-02 0.00000000e+00 0.00000000e+00
ID0 1.69191135e-01 -3.91312272e-01 2.11468110e+00 7.89737213e-02 0.00000000e+00 0.00000000e+00
ID0 1.51229045e-01 -3.92905045e-01 2.11810756e+00 7.06241381e-02 0.00000000e+00 0.00000000e+00
ID0 1.33197991e-01 -3.94323149e-01 2.12115030e+00 6.22205504e-02 0.00000000e+00 0.00000000e+00
ID0 1.15106040e-01 -3.95563836e-01 2.12380704e+00 5.37716926e-02 0.00000000e+00 0.00000000e+00
ID0 9.69613660e-02 -3.96624997e-01 2.12607589e+00 4.52852558e-02 0.00000000e+00 0.00000000e+00
ID0 7.87722282e-02 -3.97505107e-01 2.12795526e+00 3.67672765e-02 0.00000000e+00 0.00000000e+00
ID0 6.05469484e-02 -3.98202941e-01 2.12944383e+00 2.82234069e-02 0.00000000e+00 0.00000000e+00
ID0 4.22938987e-02 -3.98717530e-01 2.13054055e+00 1.96589558e-02 0.00000000e+00 0.00000000e+00
ID0 2.40214908e-02 -3.99048112e-01 2.13124460e+00 1.10791471e-02 0.00000000e+00 0.00000000e+00
ID0 5.73816670e-03 -3.99194124e-01 2.13155536e+00 2.48888108e-03 0.00000000e+00 0.00000000e+00
ID0 -1.25476095e-02 -3.99155173e-01 2.13147250e+00 -6.10664011e-03 0.00000000e+00 0.00000000e+00
ID0 -3.08273605e-02 -3.98931065e-01 2.13099589e+00 -1.47019783e-02 0.00000000e+00 0.00000000e+00
ID0 -4.90926053e-02 -3.98521835e-01 2.13012567e+00 -2.32914111e-02 0.00000000e+00 0.00000000e+00
ID0 -6.73348707e-02 -3.97927797e-01 2.12886226e+00 -3.18686589e-02 0.00000000e+00 0.00000000e+00
ID0 -8.55457050e-02 -3.97149565e-01 2.12720636e+00 -4.04272925e-02 0.00000000e+00 0.00000000e+00
ID0 -1.03716690e-01 -3.96187996e-01 2.12515896e+00 -4.89613625e-02 0.00000000e+00 0.00000000e+00
ID0 -1.21839452e-01 -3.95044149e-01 2.12272131e+00 -5.74653242e-02 0.00000000e+00 0.00000000e+00
ID0 -1.39905674e-01 -3.93719525e-01 2.11989495e+00 -6.59323794e-02 0.00000000e+00 0.00000000e+00
ID0 -1.57907123e-01 -3.92216162e-01 2.11668174e+00 -7.43547272e-02 0.00000000e+00 0.00000000e+00
ID0 -1.75835693e-01 -3.90537651e-01 2.11308405e+00 -8.27193195e-02 0.00000000e+00 0.00000000e+00
ID0 -1.93683502e-01 -3.88690200e-01 2.10910496e+00 -9.10058853e-02 0.00000000e+00 0.00000000e+00
ID0 -2.11443183e-01 -3.86689971e-01 2.10474927e+00 -9.91615299e-02 0.00000000e+00 0.00000000e+00
ID0 -2.29108533e-01 -3.84571795e-01 2.10002536e+00 -1.07082571e-01 0.00000000e+00 0.00000000e+00
ID0 -2.46676165e-01 -3.82423605e-01 2.09494972e+00 -1.14517814e-01 0.00000000e+00 0.00000000e+00
ID0 -2.64147515e-01 -3.80368223e-01 2.08955141e+00 -1.21169955e-01 0.00000000e+00 0.00000000e+00
ID0 -2.81529956e-01 -3.78541827e-01 2.08387269e+00 -1.26760514e-01 0.00000000e+00 0.00000000e+00
ID0 -2.98835617e-01 -3.77016059e-01 2.07796358e+00 -1.31228938e-01 0.00000000e+00 0.00000000e+00
ID0 -3.16078075e-01 -3.75782401e-01 2.07187213e+00 -1.34720933e-01 0.00000000e+00 0.00000000e+00
ID0 -3.33269499e-01 -3.74787906e-01 2.06563790e+00 -1.37463334e-01 0.00000000e+00 0.00000000e+00
ID0 -3.50419510e-01 -3.73974361e-01 2.05929050e+00 -1.39661448e-01 0.00000000e+00 0.00000000e+00
ID0 -3.67535376e-01 -3.73297139e-01 2.05285152e+00 -1.41461617e-01 0.00000000e+00 0.00000000e+00
ID0 -3.84622647e-01 -3.72725932e-01 2.04633699e+00 -1.42959863e-01 0.00000000e+00 0.00000000e+00
ID0 -4.01685661e-01 -3.72238085e-01 2.03975916e+00 -1.44225349e-01 0.00000000e+00 0.00000000e+00
ID0 -4.18727895e-01 -3.71818700e-01 2.03312766e+00 -1.45303122e-01 0.00000000e+00 0.00000000e+00
ID0 -4.35752199e-01 -3.71455229e-01 2.02645025e+00 -1.46229804e-01 0.00000000e+00 0.00000000e+00
ID0 -4.52760934e-01 -3.71138995e-01 2.01973328e+00 -1.47030572e-01 0.00000000e+00 0.00000000e+00
ID0 -4.69756095e-01 -3.70862594e-01 2.01298202e+00 -1.47726367e-01 0.00000000e+00 0.00000000e+00
ID0 -4.86739381e-01 -3.70620528e-01 2.00620095e+00 -1.48332625e-01 0.00000000e+00 0.00000000e+00
ID0 -5.03712251e-01 -3.70407814e-01 1.99939383e+00 -1.48863005e-01 0.00000000e+00 0.00000000e+00
ID0 -5.20675961e-01 -3.70220613e-01 1.99256392e+00 -1.49327964e-01 0.00000000e+00 0.00000000e+00
ID0 -5.37631598e-01 -3.70055374e-01 1.98571400e+00 -1.49736980e-01 0.00000000e+00 0.00000000e+00
ID0 -5.54580103e-01 -3.69909248e-01 1.97884644e+00 -1.50097605e-01 0.00000000e+00 0.00000000e+00
ID0 -5.71522293e-01 -3.69779627e-01 1.97196332e+00 -1.50416656e-01 0.00000000e+00 0.00000000e+00
ID0 -5.88458872e-01 -3.69664301e-01 1.96506640e+00 -1.50699858e-01 0.00000000e+00 0.00000000e+00
ID0 -6.05390452e-01 -3.69561357e-01 1.95815722e+00 -1.50952132e-01 0.00000000e+00 0.00000000e+00
ID0 -6.22317561e-01 -3.69469095e-01 1.95123709e+00 -1.51177812e-01 0.00000000e+00 0.00000000e+00
ID0 -6.39240654e-01 -3.69386028e-01 1.94430714e+00 -1.51380664e-01 0.00000000e+00 0.00000000e+00
ID0 -6.56160122e-01 -3.69310795e-01 1.93736835e+00 -1.51564111e-01 0.00000000e+00 0.00000000e+00
ID0 -6.73076296e-01 -3.69242262e-01 1.93042153e+00 -1.51730994e-01 0.00000000e+00 0.00000000e+00
ID0 -6.89989458e-01 -3.69179276e-01 1.92346739e+00 -1.51884184e-01 0.00000000e+00 0.00000000e+00
ID0 -7.06899841e-01 -3.69120945e-01 1.91650648e+00 -1.52025890e-01 0.00000000e+00 0.00000000e+00
ID0 -7.23807636e-01 -3.69066274e-01 1.90953930e+00 -1.52158564e-01 0.00000000e+00 0.00000000e+00
ID0 -7.40712993e-01 -3.69014486e-01 1.90256620e+00 -1.52284117e-01 0.00000000e+00 0.00000000e+00
ID0 -7.57616024e-01 -3.68964731e-01 1.89558746e+00 -1.52404626e-01 0.00000000e+00 0.00000000e+00
ID0 -7.74516806e-01 -3.68916280e-01 1.88860327e+00 -1.52521872e-01 0.00000000e+00 0.00000000e+00
ID0 -7.91415379e-01 -3.68868312e-01 1.88161375e+00 -1.52637844e-01 0.00000000e+00 0.00000000e+00
ID0 -8.08311749e-01 -3.68820094e-01 1.87461890e+00 -1.52754316e-01 0.00000000e+00 0.00000000e+00
ID0 -8.25205886e-01 -3.68770828e-01 1.86761866e+00 -1.52873214e-01 0.00000000e+00 0.00000000e+00
ID0 -8.42097724e-01 -3.68719726e-01 1.86061288e+00 -1.52996428e-01 0.00000000e+00 0.00000000e+00
ID0 -8.58987161e-01 -3.68665973e-01 1.85360130e+00 -1.53125907e-01 0.00000000e+00 0.00000000e+00
ID0 -8.75874052e-01 -3.68608588e-01 1.84658360e+00 -1.53263994e-01 0.00000000e+00 0.00000000e+00
ID0 -8.92758208e-01 -3.68546547e-01 1.83955932e+00 -1.53413120e-01 0.00000000e+00 0.00000000e+00
ID0 -9.09639383e-01 -3.68478456e-01 1.83252788e+00 -1.53576596e-01 0.00000000e+00 0.00000000e+00
ID0 -9.26517265e-01 -3.68402774e-01 1.82548854e+00 -1.53758054e-01 0.00000000e+00 0.00000000e+00
ID0 -9.43391460e-01 -3.68317500e-01 1.81844037e+00 -1.53962211e-01 0.00000000e+00 0.00000000e+00
ID0 -9.60261495e-01 -3.68221104e-01 1.81138224e+00 -1.54192612e-01 0.00000000e+00 0.00000000e+00
ID0 -9.77126823e-01 -3.68112019e-01 1.80431288e+00 -1.54452855e-01 0.00000000e+00 0.00000000e+00
ID0 -9.93986834e-01 -3.67988990e-01 1.79723084e+00 -1.54745748e-01 0.00000000e+00 0.00000000e+00
ID0 -1.01084085e+00 -3.67850103e-01 1.79013455e+00 -1.55075610e-01 0.00000000e+00 0.00000000e+00
ID0 -1.02768808e+00 -3.67693088e-01 1.78302217e+00 -1.55447535e-01 0.00000000e+00 0.00000000e+00
ID0 -1.04452764e+00 -3.67514801e-01 1.77589164e+00 -1.55868580e-01 0.00000000e+00 0.00000000e+00
ID0 -1.06135846e+00 -3.67311751e-01 1.76874052e+00 -1.56346475e-01 0.00000000e+00 0.00000000e+00
ID0 -1.07817930e+00 -3.67079323e-01 1.76156597e+00 -1.56891406e-01 0.00000000e+00 0.00000000e+00
ID0 -1.09498871e+00 -3.66812335e-01 1.75436466e+00 -1.57514615e-01 0.00000000e+00 0.00000000e+00
ID0 -1.11178494e+00 -3.66503896e-01 1.74713267e+00 -1.58230961e-01 0.00000000e+00 0.00000000e+00
ID0 -1.12856590e+00 -3.66145955e-01 1.73986534e+00 -1.59057483e-01 0.00000000e+00 0.00000000e+00
ID0 -1.14532909e+00 -3.65727598e-01 1.73255711e+00 -1.60017084e-01 0.00000000e+00 0.00000000e+00
ID0 -1.16207142e+00 -3.65235401e-01 1.72520123e+00 -1.61137348e-01 0.00000000e+00 0.00000000e+00
ID0 -1.17878907e+00 -3.64650206e-01 1.71778946e+00 -1.62457287e-01 0.00000000e+00 0.00000000e+00
ID0 -1.19547722e+00 -3.63947643e-01 1.71031155e+00 -1.64025169e-01 0.00000000e+00 0.00000000e+00
ID0 -1.21212961e+00 -3.63088469e-01 1.70275437e+00 -1.65918374e-01 0.00000000e+00 0.00000000e+00
ID0 -1.22873786e+00 -3.62020902e-01 1.69510076e+00 -1.68234983e-01 0.00000000e+00 0.00000000e+00
ID0 -1.24529044e+00 -3.60657594e-01 1.68732759e+00 -1.71138081e-01 0.00000000e+00 0.00000000e+00
ID0 -1.26177140e+00 -3.58894165e-01 1.67940392e+00 -1.74805954e-01 0.00000000e+00 0.00000000e+00
ID0 -1.27815950e+00 -3.56603730e-01 1.67129028e+00 -1.79432224e-01 0.00000000e+00 0.00000000e+00
ID0 -1.29442918e+00 -3.53723632e-01 1.66294212e+00 -1.85045225e-01 0.00000000e+00 0.00000000e+00
ID0 -1.31055444e+00 -3.50298406e-01 1.65431868e+00 -1.91450175e-01 0.00000000e+00 0.00000000e+00
ID0 -1.32651276e+00 -3.46435197e-01 1.64539039e+00 -1.98355230e-01 0.00000000e+00 0.00000000e+00
ID0 -1.34228717e+00 -3.42268590e-01 1.63614119e+00 -2.05461323e-01 0.00000000e+00 0.00000000e+00
ID0 -1.35786552e+00 -3.37875948e-01 1.62656553e+00 -2.12607589e-01 0.00000000e+00 0.00000000e+00
ID0 -1.37323838e+00 -3.33296488e-01 1.61666336e+00 -2.19717078e-01 0.00000000e+00 0.00000000e+00
ID0 -1.38839753e+00 -3.28545720e-01 1.60643705e+00 -2.26759461e-01 0.00000000e+00 0.00000000e+00
ID0 -1.40333532e+00 -3.23631997e-01 1.59589003e+00 -2.33718791e-01 0.00000000e+00 0.00000000e+00
ID0 -1.41804441e+00 -3.18560293e-01 1.58502633e+00 -2.40585708e-01 0.00000000e+00 0.00000000e+00
ID0 -1.43251763e+00 -3.13334388e-01 1.57385034e+00 -2.47353400e-01 0.00000000e+00 0.00000000e+00
ID0 -1.44674800e+00 -3.07957721e-01 1.56236673e+00 -2.54016112e-01 0.00000000e+00 0.00000000e+00
ID0 -1.46072869e+00 -3.02433311e-01 1.55058043e+00 -2.60569060e-01 0.00000000e+00 0.00000000e+00
ID0 -1.47445300e+00 -2.96764324e-01 1.53849656e+00 -2.67007638e-01 0.00000000e+00 0.00000000e+00
ID0 -1.48791438e+00 -2.90953828e-01 1.52612046e+00 -2.73327666e-01 0.00000000e+00 0.00000000e+00
ID0 -1.50110642e+00 -2.85004968e-01 1.51345765e+00 -2.79525153e-01 0.00000000e+00 0.00000000e+00
ID0 -1.51402285e+00 -2.78920967e-01 1.50051384e+00 -2.85596283e-01 0.00000000e+00 0.00000000e+00
ID0 -1.52665757e+00 -2.72705623e-01 1.48729490e+00 -2.91536938e-01 0.00000000e+00 0.00000000e+00
ID0 -1.53900465e+00 -2.66362773e-01 1.47380691e+00 -2.97343263e-01 0.00000000e+00 0.00000000e+00
ID0 -1.55105836e+00 -2.59897154e-01 1.46005611e+00 -3.03010911e-01 0.00000000e+00 0.00000000e+00
ID0 -1.56281319e+00 -2.53313597e-01 1.44604894e+00 -3.08535840e-01 0.00000000e+00 0.00000000e+00
ID0 -1.57426384e+00 -2.46617054e-01 1.43179205e+00 -3.13914274e-01 0.00000000e+00 0.00000000e+00
ID0 -1.58540524e+00 -2.39812080e-01 1.41729220e+00 -3.19143086e-01 0.00000000e+00 0.00000000e+00
ID0 -1.59623257e+00 -2.32904347e-01 1.40255633e+00 -3.24218612e-01 0.00000000e+00 0.00000000e+00
ID0 -1.60674126e+00 -2.25900597e-01 1.38759156e+00 -3.29136846e-01 0.00000000e+00 0.00000000e+00
ID0 -1.61692715e+00 -2.18811321e-01 1.37240524e+00 -3.33891822e-01 0.00000000e+00 0.00000000e+00
ID0 -1.62678676e+00 -2.11654954e-01 1.35700506e+00 -3.38473520e-01 0.00000000e+00 0.00000000e+00
ID0 -1.63631789e+00 -2.04470258e-01 1.34139943e+00 -3.42861570e-01 0.00000000e+00 0.00000000e+00
ID0 -1.64552141e+00 -1.97351574e-01 1.32559833e+00 -3.47007924e-01 0.00000000e+00 0.00000000e+00
ID0 -1.65440487e+00 -1.90496528e-01 1.30961499e+00 -3.50817924e-01 0.00000000e+00 0.00000000e+00
ID0 -1.66298759e+00 -1.84221264e-01 1.29346799e+00 -3.54153454e-01 0.00000000e+00 0.00000000e+00
ID0 -1.67130266e+00 -1.78811260e-01 1.27718132e+00 -3.56915503e-01 0.00000000e+00 0.00000000e+00
ID0 -1.67939294e+00 -1.74407000e-01 1.26078163e+00 -3.59088208e-01 0.00000000e+00 0.00000000e+00
ID0 -1.68730289e+00 -1.70938069e-01 1.24429405e+00 -3.60752435e-01 0.00000000e+00 0.00000000e+00
ID0 -1.69507048e+00 -1.68191818e-01 1.22773884e+00 -3.62040958e-01 0.00000000e+00 0.00000000e+00
ID0 -1.70272483e+00 -1.65993485e-01 1.21113092e+00 -3.63054136e-01 0.00000000e+00 0.00000000e+00
ID0 -1.71028741e+00 -1.64185617e-01 1.19448098e+00 -3.63875289e-01 0.00000000e+00 0.00000000e+00
ID0 -1.71777412e+00 -1.62681280e-01 1.17779676e+00 -3.64550331e-01 0.00000000e+00 0.00000000e+00
ID0 -1.72519721e+00 -1.61407652e-01 1.16108414e+00 -3.65116026e-01 0.00000000e+00 0.00000000e+00
ID0 -1.73256627e+00 -1.60322202e-01 1.14434760e+00 -3.65593948e-01 0.00000000e+00 0.00000000e+00
ID0 -1.73988905e+00 -1.59387483e-01 1.12759077e+00 -3.66002422e-01 0.00000000e+00 0.00000000e+00
ID0 -1.74717191e+00 -1.58579109e-01 1.11081654e+00 -3.66353394e-01 0.00000000e+00 0.00000000e+00
ID0 -1.75442015e+00 -1.57875773e-01 1.09402731e+00 -3.66657038e-01 0.00000000e+00 0.00000000e+00
ID0 -1.76163823e+00 -1.57262554e-01 1.07722510e+00 -3.66920471e-01 0.00000000e+00 0.00000000e+00
ID0 -1.76882996e+00 -1.56725486e-01 1.06041159e+00 -3.67150194e-01 0.00000000e+00 0.00000000e+00
ID0 -1.77599860e+00 -1.56254535e-01 1.04358823e+00 -3.67350872e-01 0.00000000e+00 0.00000000e+00
ID0 -1.78314696e+00 -1.55839838e-01 1.02675623e+00 -3.67526989e-01 0.00000000e+00 0.00000000e+00
ID0 -1.79027745e+00 -1.55474263e-01 1.00991666e+00 -3.67681787e-01 0.00000000e+00 0.00000000e+00
ID0 -1.79739215e+00 -1.55150550e-01 9.93070405e-01 -3.67818501e-01 0.00000000e+00 0.00000000e+00
ID0 -1.80449286e+00 -1.54863421e-01 9.76218251e-01 -3.67939484e-01 0.00000000e+00 0.00000000e+00
ID0 -1.81158113e+00 -1.54607407e-01 9.59360859e-01 -3.68047134e-01 0.00000000e+00 0.00000000e+00
ID0 -1.81865829e+00 -1.54378623e-01 9.42498803e-01 -3.68143157e-01 0.00000000e+00 0.00000000e+00
ID0 -1.82572551e+00 -1.54172870e-01 9.25632572e-01 -3.68229370e-01 0.00000000e+00 0.00000000e+00
ID0 -1.83278375e+00 -1.53987044e-01 9.08762586e-01 -3.68307118e-01 0.00000000e+00 0.00000000e+00
ID0 -1.83983386e+00 -1.53817980e-01 8.91889202e-01 -3.68377757e-01 0.00000000e+00 0.00000000e+00
ID0 -1.84687656e+00 -1.53663069e-01 8.75012718e-01 -3.68442403e-01 0.00000000e+00 0.00000000e+00
ID0 -1.85391242e+00 -1.53519819e-01 8.58133387e-01 -3.68502114e-01 0.00000000e+00 0.00000000e+00
ID0 -1.86094194e+00 -1.53386015e-01 8.41251411e-01 -3.68557829e-01 0.00000000e+00 0.00000000e+00
ID0 -1.86796550e+00 -1.53259540e-01 8.24366955e-01 -3.68610440e-01 0.00000000e+00 0.00000000e+00
ID0 -1.87498338e+00 -1.53138436e-01 8.07480140e-01 -3.68660769e-01 0.00000000e+00 0.00000000e+00
ID0 -1.88199580e+00 -1.53020869e-01 7.90591055e-01 -3.68709583e-01 0.00000000e+00 0.00000000e+00
ID0 -1.88900287e+00 -1.52904846e-01 7.73699750e-01 -3.68757713e-01 0.00000000e+00 0.00000000e+00
ID0 -1.89600462e+00 -1.52788653e-01 7.56806239e-01 -3.68805871e-01 0.00000000e+00 0.00000000e+00
ID0 -1.90300100e+00 -1.52670249e-01 7.39910501e-01 -3.68854901e-01 0.00000000e+00 0.00000000e+00
ID0 -1.90999187e+00 -1.52547902e-01 7.23012482e-01 -3.68905517e-01 0.00000000e+00 0.00000000e+00
ID0 -1.91697698e+00 -1.52419479e-01 7.06112088e-01 -3.68958596e-01 0.00000000e+00 0.00000000e+00
ID0 -1.92395604e+00 -1.52282915e-01 6.89209186e-01 -3.69014982e-01 0.00000000e+00 0.00000000e+00
ID0 -1.93092858e+00 -1.52135547e-01 6.72303600e-01 -3.69075762e-01 0.00000000e+00 0.00000000e+00
ID0 -1.93789406e+00 -1.51974495e-01 6.55395103e-01 -3.69142108e-01 0.00000000e+00 0.00000000e+00
ID0 -1.94485177e+00 -1.51795822e-01 6.38483403e-01 -3.69215617e-01 0.00000000e+00 0.00000000e+00
ID0 -1.95180078e+00 -1.51595256e-01 6.21568132e-01 -3.69298012e-01 0.00000000e+00 0.00000000e+00
ID0 -1.95874001e+00 -1.51368701e-01 6.04648845e-01 -3.69390930e-01 0.00000000e+00 0.00000000e+00
ID0 -1.96566819e+00 -1.51112734e-01 5.87725030e-01 -3.69495717e-01 0.00000000e+00 0.00000000e+00
ID0 -1.97258390e+00 -1.50824299e-01 5.70796116e-01 -3.69613547e-01 0.00000000e+00 0.00000000e+00
ID0 -1.97948557e+00 -1.50499358e-01 5.53861470e-01 -3.69745975e-01 0.00000000e+00 0.00000000e+00
ID0 -1.98637139e+00 -1.50132837e-01 5.36920378e-01 -3.69894950e-01 0.00000000e+00 0.00000000e+00
ID0 -1.99323931e+00 -1.49717772e-01 5.19972022e-01 -3.70063146e-01 0.00000000e+00 0.00000000e+00
ID0 -2.00008694e+00 -1.49246566e-01 5.03015455e-01 -3.70253434e-01 0.00000000e+00 0.00000000e+00
ID0 -2.00691145e+00 -1.48708865e-01 4.86049576e-01 -3.70469724e-01 0.00000000e+00 0.00000000e+00
ID0 -2.01370956e+00 -1.48093762e-01 4.69073100e-01 -3.70716038e-01 0.00000000e+00 0.00000000e+00
ID0 -2.02047737e+00 -1.47385916e-01 4.52084525e-01 -3.70998025e-01 0.00000000e+00 0.00000000e+00
ID0 -2.02721025e+00 -1.46568853e-01 4.35082080e-01 -3.71321578e-01 0.00000000e+00 0.00000000e+00
ID0 -2.03390266e+00 -1.45618794e-01 4.18063666e-01 -3.71695184e-01 0.00000000e+00 0.00000000e+00
ID0 -2.04054788e+00 -1.44508980e-01 4.01026781e-01 -3.72128066e-01 0.00000000e+00 0.00000000e+00
ID0 -2.04713769e+00 -1.43199044e-01 3.83968390e-01 -3.72634106e-01 0.00000000e+00 0.00000000e+00
ID0 -2.05366181e+00 -1.41641324e-01 3.66884783e-01 -3.73228989e-01 0.00000000e+00 0.00000000e+00
ID0 -2.06010711e+00 -1.39757999e-01 3.49771304e-01 -3.73938290e-01 0.00000000e+00 0.00000000e+00
ID0 -2.06645636e+00 -1.37447485e-01 3.32621986e-01 -3.74793719e-01 0.00000000e+00 0.00000000e+00
ID0 -2.07268628e+00 -1.34548352e-01 3.15429014e-01 -3.75844228e-01 0.00000000e+00 0.00000000e+00
ID0 -2.07876520e+00 -1.30854511e-01 2.98182159e-01 -3.77146179e-01 0.00000000e+00 0.00000000e+00
ID0 -2.08465171e+00 -1.26148107e-01 2.80868833e-01 -3.78746350e-01 0.00000000e+00 0.00000000e+00
ID0 -2.09029711e+00 -1.20327514e-01 2.63475585e-01 -3.80635564e-01 0.00000000e+00 0.00000000e+00
ID0 -2.09565301e+00 -1.13509177e-01 2.45991226e-01 -3.82724195e-01 0.00000000e+00 0.00000000e+00
ID0 -2.10068053e+00 -1.05989875e-01 2.28409779e-01 -3.84874381e-01 0.00000000e+00 0.00000000e+00
ID0 -2.10535414e+00 -9.80581091e-02 2.10731055e-01 -3.86971252e-01 0.00000000e+00 0.00000000e+00
ID0 -2.10965977e+00 -8.99238553e-02 1.92959166e-01 -3.88941954e-01 0.00000000e+00 0.00000000e+00
ID0 -2.11359008e+00 -8.16720158e-02 1.75100543e-01 -3.90758013e-01 0.00000000e+00 0.00000000e+00
ID0 -2.11714064e+00 -7.33438631e-02 1.57162567e-01 -3.92406448e-01 0.00000000e+00 0.00000000e+00
ID0 -2.12030834e+00 -6.49566031e-02 1.39153046e-01 -3.93881686e-01 0.00000000e+00 0.00000000e+00
ID0 -2.12309074e+00 -5.65218566e-02 1.21079992e-01 -3.95180241e-01 0.00000000e+00 0.00000000e+00
ID0 -2.12548584e+00 -4.80469837e-02 1.02951550e-01 -3.96299925e-01 0.00000000e+00 0.00000000e+00
ID0 -2.12749195e+00 -3.95388184e-02 8.47759524e-02 -3.97239002e-01 0.00000000e+00 0.00000000e+00
ID0 -2.12910767e+00 -3.10028908e-02 6.65615032e-02 -3.97996186e-01 0.00000000e+00 0.00000000e+00
ID0 -2.13033186e+00 -2.24447244e-02 4.83165587e-02 -3.98570417e-01 0.00000000e+00 0.00000000e+00
ID0 -2.13116361e+00 -1.38695110e-02 3.00495184e-02 -3.98960875e-01 0.00000000e+00 0.00000000e+00
ID0 -2.13160228e+00 -5.28227454e-03 1.17688152e-02 -3.99166933e-01 0.00000000e+00 0.00000000e+00
ID0 -2.13164741e+00 3.31197460e-03 -6.51709338e-03 -3.99188143e-01 0.00000000e+00 0.00000000e+00
ID0 -2.13129880e+00 1.19078233e-02 -2.47997338e-02 -3.99024243e-01 0.00000000e+00 0.00000000e+00
ID0 -2.13055653e+00 2.04996788e-02 -4.30706252e-02 -3.98675189e-01 0.00000000e+00 0.00000000e+00
ID0 -2.12942090e+00 2.90814976e-02 -6.13212908e-02 -3.98141193e-01 0.00000000e+00 0.00000000e+00
ID0 -2.12789252e+00 3.76467185e-02 -7.95432707e-02 -3.97422782e-01 0.00000000e+00 0.00000000e+00
ID0 -2.12597230e+00 4.61892986e-02 -9.77281348e-02 -3.96520733e-01 0.00000000e+00 0.00000000e+00
ID0 -2.12366140e+00 5.47035881e-02 -1.15867494e-01 -3.95436038e-01 0.00000000e+00 0.00000000e+00
ID0 -2.12096126e+00 6.31834845e-02 -1.33953010e-01 -3.94170002e-01 0.00000000e+00 0.00000000e+00
ID0 -2.11787363e+00 7.16212168e-02 -1.51976420e-01 -3.92724515e-01 0.00000000e+00 0.00000000e+00
ID0 -2.11440066e+00 8.00070051e-02 -1.69929567e-01 -3.91102317e-01 0.00000000e+00 0.00000000e+00
ID0 -2.11054520e+00 8.83207719e-02 -1.87804486e-01 -3.89309111e-01 0.00000000e+00 0.00000000e+00
ID0 -2.10631126e+00 9.65313570e-02 -2.05593573e-01 -3.87354928e-01 0.00000000e+00 0.00000000e+00
ID0 -2.10170578e+00 1.04541786e-01 -2.23290151e-01 -3.85270240e-01 0.00000000e+00 0.00000000e+00
ID0 -2.09674189e+00 1.12179771e-01 -2.40889638e-01 -3.83115964e-01 0.00000000e+00 0.00000000e+00
ID0 -2.09144407e+00 1.19120689e-01 -2.58391660e-01 -3.81014966e-01 0.00000000e+00 0.00000000e+00
ID0 -2.08585077e+00 1.25080663e-01 -2.75801704e-01 -3.79100212e-01 0.00000000e+00 0.00000000e+00
ID0 -2.08001021e+00 1.29915497e-01 -2.93130567e-01 -3.77470670e-01 0.00000000e+00 0.00000000e+00
ID0 -2.07397212e+00 1.33705054e-01 -3.10391744e-01 -3.76145054e-01 0.00000000e+00 0.00000000e+00
ID0 -2.06777932e+00 1.36669840e-01 -3.27598118e-01 -3.75077989e-01 0.00000000e+00 0.00000000e+00
ID0 -2.06146456e+00 1.39029901e-01 -3.44760162e-01 -3.74209607e-01 0.00000000e+00 0.00000000e+00
ID0 -2.05505181e+00 1.40948260e-01 -3.61885862e-01 -3.73491273e-01 0.00000000e+00 0.00000000e+00
ID0 -2.04855869e+00 1.42538393e-01 -3.78981276e-01 -3.72887315e-01 0.00000000e+00 0.00000000e+00
ID0 -2.04199856e+00 1.43874370e-01 -3.96051097e-01 -3.72373883e-01 0.00000000e+00 0.00000000e+00
ID0 -2.03538180e+00 1.45010373e-01 -4.13099059e-01 -3.71932971e-01 0.00000000e+00 0.00000000e+00
ID0 -2.02871674e+00 1.45983401e-01 -4.30128200e-01 -3.71552136e-01 0.00000000e+00 0.00000000e+00
ID0 -2.02201015e+00 1.46823678e-01 -4.47141030e-01 -3.71220892e-01 0.00000000e+00 0.00000000e+00
ID0 -2.01526762e+00 1.47552058e-01 -4.64139657e-01 -3.70931979e-01 0.00000000e+00 0.00000000e+00
ID0 -2.00849388e+00 1.48186557e-01 -4.81125870e-01 -3.70678955e-01 0.00000000e+00 0.00000000e+00
ID0 -2.00169292e+00 1.48740641e-01 -4.98101204e-01 -3.70456967e-01 0.00000000e+00 0.00000000e+00
ID0 -1.99486814e+00 1.49226267e-01 -5.15066978e-01 -3.70261616e-01 0.00000000e+00 0.00000000e+00
ID0 -1.98802247e+00 1.49652823e-01 -5.32024334e-01 -3.70089416e-01 0.00000000e+00 0.00000000e+00
ID0 -1.98115842e+00 1.50028733e-01 -5.48974260e-01 -3.69937187e-01 0.00000000e+00 0.00000000e+00
ID0 -1.97427816e+00 1.50360848e-01 -5.65917609e-01 -3.69802324e-01 0.00000000e+00 0.00000000e+00
ID0 -1.96738354e+00 1.50655343e-01 -5.82855124e-01 -3.69682446e-01 0.00000000e+00 0.00000000e+00
ID0 -1.96047617e+00 1.50917379e-01 -5.99787445e-01 -3.69575551e-01 0.00000000e+00 0.00000000e+00
ID0 -1.95355744e+00 1.51151390e-01 -6.16715126e-01 -3.69479905e-01 0.00000000e+00 0.00000000e+00
ID0 -1.94662854e+00 1.51361447e-01 -6.33638647e-01 -3.69393903e-01 0.00000000e+00 0.00000000e+00
ID0 -1.93969049e+00 1.51550931e-01 -6.50558419e-01 -3.69316203e-01 0.00000000e+00 0.00000000e+00
ID0 -1.93274416e+00 1.51723041e-01 -6.67474792e-01 -3.69245531e-01 0.00000000e+00 0.00000000e+00
ID0 -1.92579028e+00 1.51880426e-01 -6.84388064e-01 -3.69180822e-01 0.00000000e+00 0.00000000e+00
ID0 -1.91882947e+00 1.52025750e-01 -7.01298484e-01 -3.69121002e-01 0.00000000e+00 0.00000000e+00
ID0 -1.91186222e+00 1.52161092e-01 -7.18206257e-01 -3.69065232e-01 0.00000000e+00 0.00000000e+00
ID0 -1.90488896e+00 1.52288836e-01 -7.35111545e-01 -3.69012538e-01 0.00000000e+00 0.00000000e+00
ID0 -1.89790997e+00 1.52410761e-01 -7.52014473e-01 -3.68962197e-01 0.00000000e+00 0.00000000e+00
ID0 -1.89092548e+00 1.52528904e-01 -7.68915130e-01 -3.68913373e-01 0.00000000e+00 0.00000000e+00
ID0 -1.88393563e+00 1.52645068e-01 -7.85813568e-01 -3.68865322e-01 0.00000000e+00 0.00000000e+00
ID0 -1.87694046e+00 1.52761173e-01 -8.02709805e-01 -3.68817254e-01 0.00000000e+00 0.00000000e+00
ID0 -1.86993993e+00 1.52879048e-01 -8.19603821e-01 -3.68768409e-01 0.00000000e+00 0.00000000e+00
ID0 -1.86293392e+00 1.53000604e-01 -8.36495565e-01 -3.68717993e-01 0.00000000e+00 0.00000000e+00
ID0 -1.85592220e+00 1.53127787e-01 -8.53384944e-01 -3.68665192e-01 0.00000000e+00 0.00000000e+00
ID0 -1.84890449e+00 1.53262703e-01 -8.70271829e-01 -3.68609125e-01 0.00000000e+00 0.00000000e+00
ID0 -1.84188036e+00 1.53407917e-01 -8.87156047e-01 -3.68548713e-01 0.00000000e+00 0.00000000e+00
ID0 -1.83484928e+00 1.53566122e-01 -9.04037372e-01 -3.68482821e-01 0.00000000e+00 0.00000000e+00
ID0 -1.82781056e+00 1.53741268e-01 -9.20915514e-01 -3.68409779e-01 0.00000000e+00 0.00000000e+00
ID0 -1.82076334e+00 1.53937267e-01 -9.37790109e-01 -3.68327926e-01 0.00000000e+00 0.00000000e+00
ID0 -1.81370657e+00 1.54158678e-01 -9.54660707e-01 -3.68235312e-01 0.00000000e+00 0.00000000e+00
ID0 -1.80663899e+00 1.54408600e-01 -9.71526786e-01 -3.68130585e-01 0.00000000e+00 0.00000000e+00
ID0 -1.79955924e+00 1.54690369e-01 -9.88387756e-01 -3.68012273e-01 0.00000000e+00 0.00000000e+00
ID0 -1.79246578e+00 1.55007316e-01 -1.00524296e+00 -3.67878886e-01 0.00000000e+00 0.00000000e+00
ID0 -1.78535687e+00 1.55364719e-01 -1.02209166e+00 -3.67728089e-01 0.00000000e+00 0.00000000e+00
ID0 -1.77823052e+00 1.55768508e-01 -1.03893299e+00 -3.67557227e-01 0.00000000e+00 0.00000000e+00
ID0 -1.77108443e+00 1.56226685e-01 -1.05576595e+00 -3.67362717e-01 0.00000000e+00 0.00000000e+00
ID0 -1.76391591e+00 1.56748029e-01 -1.07258936e+00 -3.67140570e-01 0.00000000e+00 0.00000000e+00
ID0 -1.75672180e+00 1.57343987e-01 -1.08940185e+00 -3.66885558e-01 0.00000000e+00 0.00000000e+00
ID0 -1.74949838e+00 1.58027445e-01 -1.10620177e+00 -3.66591693e-01 0.00000000e+00 0.00000000e+00
ID0 -1.74224125e+00 1.58815468e-01 -1.12298715e+00 -3.66250993e-01 0.00000000e+00 0.00000000e+00
ID0 -1.73494519e+00 1.59727774e-01 -1.13975563e+00 -3.65854043e-01 0.00000000e+00 0.00000000e+00
ID0 -1.72760386e+00 1.60791563e-01 -1.15650435e+00 -3.65387762e-01 0.00000000e+00 0.00000000e+00
ID0 -1.72020957e+00 1.62039791e-01 -1.17322974e+00 -3.64835921e-01 0.00000000e+00 0.00000000e+00
ID0 -1.71275280e+00 1.63519916e-01 -1.18992736e+00 -3.64174931e-01 0.00000000e+00 0.00000000e+00
ID0 -1.70522150e+00 1.65293268e-01 -1.20659147e+00 -3.63373470e-01 0.00000000e+00 0.00000000e+00
ID0 -1.69759998e+00 1.67459120e-01 -1.22321449e+00 -3.62380444e-01 0.00000000e+00 0.00000000e+00
ID0 -1.68986741e+00 1.70141788e-01 -1.23978609e+00 -3.61128668e-01 0.00000000e+00 0.00000000e+00
ID0 -1.68199553e+00 1.73540898e-01 -1.25629189e+00 -3.59507579e-01 0.00000000e+00 0.00000000e+00
ID0 -1.67394749e+00 1.77833448e-01 -1.27271237e+00 -3.57403704e-01 0.00000000e+00 0.00000000e+00
ID0 -1.66567996e+00 1.83123455e-01 -1.28902325e+00 -3.54722347e-01 0.00000000e+00 0.00000000e+00
ID0 -1.65714964e+00 1.89306479e-01 -1.30519802e+00 -3.51461520e-01 0.00000000e+00 0.00000000e+00
ID0 -1.64832267e+00 1.96075500e-01 -1.32121266e+00 -3.47730559e-01 0.00000000e+00 0.00000000e+00
ID0 -1.63917882e+00 2.03141190e-01 -1.33704838e+00 -3.43650695e-01 0.00000000e+00 0.00000000e+00
ID0 -1.62970950e+00 2.10285177e-01 -1.35269162e+00 -3.39326226e-01 0.00000000e+00 0.00000000e+00
ID0 -1.61991334e+00 2.17411181e-01 -1.36813225e+00 -3.34805199e-01 0.00000000e+00 0.00000000e+00
ID0 -1.60979211e+00 2.24477546e-01 -1.38336176e+00 -3.30109034e-01 0.00000000e+00 0.00000000e+00
ID0 -1.59934898e+00 2.31465034e-01 -1.39837237e+00 -3.25247723e-01 0.00000000e+00 0.00000000e+00
ID0 -1.58858781e+00 2.38362828e-01 -1.41315663e+00 -3.20226959e-01 0.00000000e+00 0.00000000e+00
ID0 -1.57751290e+00 2.45163448e-01 -1.42770734e+00 -3.15050832e-01 0.00000000e+00 0.00000000e+00
ID0 -1.56612881e+00 2.51860904e-01 -1.44201746e+00 -3.09722824e-01 0.00000000e+00 0.00000000e+00
ID0 -1.55444040e+00 2.58450073e-01 -1.45608010e+00 -3.04246122e-01 0.00000000e+00 0.00000000e+00
ID0 -1.54245274e+00 2.64926407e-01 -1.46988852e+00 -2.98623747e-01 0.00000000e+00 0.00000000e+00
ID0 -1.53017108e+00 2.71285470e-01 -1.48343612e+00 -2.92858902e-01 0.00000000e+00 0.00000000e+00
ID0 -1.51760090e+00 2.77523329e-01 -1.49671645e+00 -2.86954604e-01 0.00000000e+00 0.00000000e+00
ID0 -1.50474784e+00 2.83636024e-01 -1.50972319e+00 -2.80914131e-01 0.00000000e+00 0.00000000e+00
ID0 -1.49161771e+00 2.89619683e-01 -1.52245018e+00 -2.74740936e-01 0.00000000e+00 0.00000000e+00
ID0 -1.47821653e+00 2.95470168e-01 -1.53489143e+00 -2.68439049e-01 0.00000000e+00 0.00000000e+00
ID0 -1.46455049e+00 3.01183549e-01 -1.54704115e+00 -2.62012619e-01 0.00000000e+00 0.00000000e+00
ID0 -1.45062596e+00 3.06755386e-01 -1.55889375e+00 -2.55466781e-01 0.00000000e+00 0.00000000e+00
ID0 -1.43644953e+00 3.12181938e-01 -1.57044386e+00 -2.48806311e-01 0.00000000e+00 0.00000000e+00
ID0 -1.42202791e+00 3.17459827e-01 -1.58168635e+00 -2.42035950e-01 0.00000000e+00 0.00000000e+00
ID0 -1.40736800e+00 3.22585755e-01 -1.59261629e+00 -2.35160740e-01 0.00000000e+00 0.00000000e+00
ID0 -1.39247684e+00 3.27555677e-01 -1.60322904e+00 -2.28187251e-01 0.00000000e+00 0.00000000e+00
ID0 -1.37736171e+00 3.32364792e-01 -1.61352028e+00 -2.21123921e-01 0.00000000e+00 0.00000000e+00
ID0 -1.36203016e+00 3.37004305e-01 -1.62348626e+00 -2.13986545e-01 0.00000000e+00 0.00000000e+00
ID0 -1.34649030e+00 3.41459290e-01 -1.63312423e+00 -2.06803521e-01 0.00000000e+00 0.00000000e+00
ID0 -1.33075144e+00 3.45692786e-01 -1.64243376e+00 -1.99646289e-01 0.00000000e+00 0.00000000e+00
ID0 -1.31482554e+00 3.49625048e-01 -1.65141972e+00 -1.92677110e-01 0.00000000e+00 0.00000000e+00
ID0 -1.29872922e+00 3.53133745e-01 -1.66009698e+00 -1.86168474e-01 0.00000000e+00 0.00000000e+00
ID0 -1.28248485e+00 3.56088717e-01 -1.66849424e+00 -1.80452123e-01 0.00000000e+00 0.00000000e+00
ID0 -1.26611875e+00 3.58448329e-01 -1.67665214e+00 -1.75718350e-01 0.00000000e+00 0.00000000e+00
ID0 -1.24965688e+00 3.60269986e-01 -1.68461536e+00 -1.71952551e-01 0.00000000e+00 0.00000000e+00
ID0 -1.23312134e+00 3.61664688e-01 -1.69242468e+00 -1.68999398e-01 0.00000000e+00 0.00000000e+00
ID0 -1.21652875e+00 3.62760590e-01 -1.70011219e+00 -1.66634022e-01 0.00000000e+00 0.00000000e+00
ID0 -1.19989100e+00 3.63636640e-01 -1.70770154e+00 -1.64713501e-01 0.00000000e+00 0.00000000e+00
ID0 -1.18321671e+00 3.64355986e-01 -1.71521030e+00 -1.63116090e-01 0.00000000e+00 0.00000000e+00
ID0 -1.16651224e+00 3.64953923e-01 -1.72265174e+00 -1.61773846e-01 0.00000000e+00 0.00000000e+00
ID0 -1.14978252e+00 3.65458820e-01 -1.73003623e+00 -1.60629990e-01 0.00000000e+00 0.00000000e+00
ID0 -1.13303140e+00 3.65888122e-01 -1.73737207e+00 -1.59649694e-01 0.00000000e+00 0.00000000e+00
ID0 -1.11626199e+00 3.66256900e-01 -1.74466604e+00 -1.58801845e-01 0.00000000e+00 0.00000000e+00
ID0 -1.09947686e+00 3.66574927e-01 -1.75192374e+00 -1.58066335e-01 0.00000000e+00 0.00000000e+00
ID0 -1.08267812e+00 3.66850882e-01 -1.75914990e+00 -1.57424819e-01 0.00000000e+00 0.00000000e+00
ID0 -1.06586757e+00 3.67090900e-01 -1.76634853e+00 -1.56864318e-01 0.00000000e+00 0.00000000e+00
ID0 -1.04904671e+00 3.67300659e-01 -1.77352306e+00 -1.56372533e-01 0.00000000e+00 0.00000000e+00
ID0 -1.03221684e+00 3.67484279e-01 -1.78067643e+00 -1.55940527e-01 0.00000000e+00 0.00000000e+00
ID0 -1.01537907e+00 3.67645758e-01 -1.78781117e+00 -1.55559442e-01 0.00000000e+00 0.00000000e+00
ID0 -9.98534344e-01 3.67787978e-01 -1.79492948e+00 -1.55222893e-01 0.00000000e+00 0.00000000e+00
ID0 -9.81683475e-01 3.67913899e-01 -1.80203324e+00 -1.54924193e-01 0.00000000e+00 0.00000000e+00
ID0 -9.64827162e-01 3.68025618e-01 -1.80912407e+00 -1.54658616e-01 0.00000000e+00 0.00000000e+00
ID0 -9.47966008e-01 3.68125277e-01 -1.81620339e+00 -1.54421254e-01 0.00000000e+00 0.00000000e+00
ID0 -9.31100528e-01 3.68214478e-01 -1.82327239e+00 -1.54208433e-01 0.00000000e+00 0.00000000e+00
ID0 -9.14231164e-01 3.68294855e-01 -1.83033212e+00 -1.54016371e-01 0.00000000e+00 0.00000000e+00
ID0 -8.97358292e-01 3.68367652e-01 -1.83738346e+00 -1.53842179e-01 0.00000000e+00 0.00000000e+00
ID0 -8.80482229e-01 3.68434132e-01 -1.84442716e+00 -1.53682898e-01 0.00000000e+00 0.00000000e+00
ID0 -8.63603242e-01 3.68495332e-01 -1.85146385e+00 -1.53536096e-01 0.00000000e+00 0.00000000e+00
ID0 -8.46721550e-01 3.68552236e-01 -1.85849405e+00 -1.53399453e-01 0.00000000e+00 0.00000000e+00
ID0 -8.29837329e-01 3.68605760e-01 -1.86551817e+00 -1.53270795e-01 0.00000000e+00 0.00000000e+00
ID0 -8.12950715e-01 3.68656724e-01 -1.87253654e+00 -1.53148174e-01 0.00000000e+00 0.00000000e+00
ID0 -7.96061806e-01 3.68705943e-01 -1.87954938e+00 -1.53029639e-01 0.00000000e+00 0.00000000e+00
ID0 -7.79170664e-01 3.68754178e-01 -1.88655685e+00 -1.52913371e-01 0.00000000e+00 0.00000000e+00
ID0 -7.62277317e-01 3.68802249e-01 -1.89355900e+00 -1.52797397e-01 0.00000000e+00 0.00000000e+00
ID0 -7.45381756e-01 3.68850861e-01 -1.90055580e+00 -1.52680010e-01 0.00000000e+00 0.00000000e+00
ID0 -7.28483935e-01 3.68900878e-01 -1.90754714e+00 -1.52559121e-01 0.00000000e+00 0.00000000e+00
ID0 -7.11583775e-01 3.68953015e-01 -1.91453283e+00 -1.52432987e-01 0.00000000e+00 0.00000000e+00
ID0 -6.94681156e-01 3.69008209e-01 -1.92151256e+00 -1.52299325e-01 0.00000000e+00 0.00000000e+00
ID0 -6.77775917e-01 3.69067391e-01 -1.92848595e+00 -1.52155853e-01 0.00000000e+00 0.00000000e+00
ID0 -6.60867849e-01 3.69131748e-01 -1.93545248e+00 -1.51999656e-01 0.00000000e+00 0.00000000e+00
ID0 -6.43956682e-01 3.69202688e-01 -1.94241147e+00 -1.51827265e-01 0.00000000e+00 0.00000000e+00
ID0 -6.27042075e-01 3.69281960e-01 -1.94936210e+00 -1.51634353e-01 0.00000000e+00 0.00000000e+00
ID0 -6.10123606e-01 3.69371258e-01 -1.95630333e+00 -1.51416698e-01 0.00000000e+00 0.00000000e+00
ID0 -5.93200785e-01 3.69472006e-01 -1.96323394e+00 -1.51170698e-01 0.00000000e+00 0.00000000e+00
ID0 -5.76273058e-01 3.69585433e-01 -1.97015255e+00 -1.50893176e-01 0.00000000e+00 0.00000000e+00
ID0 -5.59339814e-01 3.69712839e-01 -1.97705766e+00 -1.50580742e-01 0.00000000e+00 0.00000000e+00
ID0 -5.42400370e-01 3.69856170e-01 -1.98394753e+00 -1.50228348e-01 0.00000000e+00 0.00000000e+00
ID0 -5.25453944e-01 3.70017673e-01 -1.99082022e+00 -1.49830118e-01 0.00000000e+00 0.00000000e+00
ID0 -5.08499633e-01 3.70200424e-01 -1.99767342e+00 -1.49378007e-01 0.00000000e+00 0.00000000e+00
ID0 -4.91536390e-01 3.70407619e-01 -2.00450449e+00 -1.48863489e-01 0.00000000e+00 0.00000000e+00
ID0 -4.74562994e-01 3.70643685e-01 -2.01131029e+00 -1.48274751e-01 0.00000000e+00 0.00000000e+00
ID0 -4.57578020e-01 3.70913135e-01 -2.01808713e+00 -1.47599422e-01 0.00000000e+00 0.00000000e+00
ID0 -4.40579789e-01 3.71222475e-01 -2.02483065e+00 -1.46819675e-01 0.00000000e+00 0.00000000e+00
ID0 -4.23566321e-01 3.71578395e-01 -2.03153562e+00 -1.45916550e-01 0.00000000e+00 0.00000000e+00
ID0 -4.06535252e-01 3.71990907e-01 -2.03819575e+00 -1.44861687e-01 0.00000000e+00 0.00000000e+00
ID0 -3.89483740e-01 3.72470952e-01 -2.04480333e+00 -1.43622886e-01 0.00000000e+00 0.00000000e+00
ID0 -3.72408311e-01 3.73035060e-01 -2.05134884e+00 -1.42151283e-01 0.00000000e+00 0.00000000e+00
ID0 -3.55304664e-01 3.73703012e-01 -2.05782021e+00 -1.40385903e-01 0.00000000e+00 0.00000000e+00
ID0 -3.38167301e-01 3.74507047e-01 -2.06420169e+00 -1.38226680e-01 0.00000000e+00 0.00000000e+00
ID0 -3.20989079e-01 3.75486870e-01 -2.07047223e+00 -1.35542441e-01 0.00000000e+00 0.00000000e+00
ID0 -3.03760617e-01 3.76700521e-01 -2.07660317e+00 -1.32131981e-01 0.00000000e+00 0.00000000e+00
ID0 -2.86469985e-01 3.78201225e-01 -2.08255616e+00 -1.27773146e-01 0.00000000e+00 0.00000000e+00
ID0 -2.69103742e-01 3.80001628e-01 -2.08828430e+00 -1.22314780e-01 0.00000000e+00 0.00000000e+00
ID0 -2.51649617e-01 3.82038113e-01 -2.09373813e+00 -1.15797337e-01 0.00000000e+00 0.00000000e+00
ID0 -2.34099693e-01 3.84184199e-01 -2.09887474e+00 -1.08464945e-01 0.00000000e+00 0.00000000e+00
ID0 -2.16451997e-01 3.86306798e-01 -2.10366427e+00 -1.00643930e-01 0.00000000e+00 0.00000000e+00
ID0 -1.98709496e-01 3.88323309e-01 -2.10808948e+00 -9.25589041e-02 0.00000000e+00 0.00000000e+00
ID0 -1.80878033e-01 3.90190865e-01 -2.11214126e+00 -8.43399763e-02 0.00000000e+00 0.00000000e+00
ID0 -1.62964780e-01 3.91894217e-01 -2.11581453e+00 -7.60333186e-02 0.00000000e+00 0.00000000e+00
ID0 -1.44977436e-01 3.93425663e-01 -2.11910584e+00 -6.76638059e-02 0.00000000e+00 0.00000000e+00
ID0 -1.26923961e-01 3.94781446e-01 -2.12201257e+00 -5.92431702e-02 0.00000000e+00 0.00000000e+00
ID0 -1.08812463e-01 3.95958958e-01 -2.12453261e+00 -5.07803732e-02 0.00000000e+00 0.00000000e+00
ID0 -9.06511485e-02 3.96956385e-01 -2.12666415e+00 -4.22820482e-02 0.00000000e+00 0.00000000e+00
ID0 -7.24483008e-02 3.97772285e-01 -2.12840573e+00 -3.37542950e-02 0.00000000e+00 0.00000000e+00
ID0 -5.42122608e-02 3.98405547e-01 -2.12975610e+00 -2.52024364e-02 0.00000000e+00 0.00000000e+00
ID0 -3.59514158e-02 3.98855265e-01 -2.13071429e+00 -1.66319151e-02 0.00000000e+00 0.00000000e+00
ID0 -1.76741892e-02 3.99120755e-01 -2.13127957e+00 -8.04771340e-03 0.00000000e+00 0.00000000e+00
ID0 6.10967867e-04 3.99201510e-01 -2.13145141e+00 5.45134046e-04 0.00000000e+00 0.00000000e+00
ID0 1.88955855e-02 3.99097204e-01 -2.13122955e+00 9.14138996e-03 0.00000000e+00 0.00000000e+00
ID0 3.71711836e-02 3.98807718e-01 -2.13061394e+00 1.77354795e-02 0.00000000e+00 0.00000000e+00
ID0 5.54292820e-02 3.98333176e-01 -2.12960484e+00 2.63215431e-02 0.00000000e+00 0.00000000e+00
ID0 7.36614132e-02 3.97674000e-01 -2.12820275e+00 3.48931636e-02 0.00000000e+00 0.00000000e+00
ID0 9.18591356e-02 3.96830905e-01 -2.12640848e+00 4.34439366e-02 0.00000000e+00 0.00000000e+00
ID0 1.10014045e-01 3.95804802e-01 -2.12422311e+00 5.19682768e-02 0.00000000e+00 0.00000000e+00
ID0 1.28117786e-01 3.94596892e-01 -2.12164800e+00 6.04601989e-02 0.00000000e+00 0.00000000e+00
ID0 1.46162066e-01 3.93208814e-01 -2.11868478e+00 6.89127836e-02 0.00000000e+00 0.00000000e+00
ID0 1.64138691e-01 3.91643057e-01 -2.11533547e+00 7.73166169e-02 0.00000000e+00 0.00000000e+00
ID0 1.82039615e-01 3.89903751e-01 -2.11160263e+00 8.56575060e-02 0.00000000e+00 0.00000000e+00
ID0 1.99857096e-01 3.87999988e-01 -2.10748984e+00 9.39050178e-02 0.00000000e+00 0.00000000e+00
ID0 2.17584033e-01 3.85950607e-01 -2.10300271e+00 1.02001333e-01 0.00000000e+00 0.00000000e+00
ID0 2.35215023e-01 3.83811004e-01 -2.09815201e+00 1.09778212e-01 0.00000000e+00 0.00000000e+00
ID0 2.52748087e-01 3.81675178e-01 -2.09295805e+00 1.16988040e-01 0.00000000e+00 0.00000000e+00
ID0 2.70186704e-01 3.79687531e-01 -2.08745469e+00 1.23286340e-01 0.00000000e+00 0.00000000e+00
ID0 2.87540266e-01 3.77961677e-01 -2.08168811e+00 1.28480014e-01 0.00000000e+00 0.00000000e+00
ID0 3.04821742e-01 3.76540288e-01 -2.07570848e+00 1.32587913e-01 0.00000000e+00 0.00000000e+00
ID0 3.22044488e-01 3.75397537e-01 -2.06956143e+00 1.35789662e-01 0.00000000e+00 0.00000000e+00
ID0 3.39219855e-01 3.74471790e-01 -2.06328304e+00 1.38322167e-01 0.00000000e+00 0.00000000e+00
ID0 3.56356564e-01 3.73709702e-01 -2.05689979e+00 1.40368094e-01 0.00000000e+00 0.00000000e+00
ID0 3.73461223e-01 3.73072500e-01 -2.05043108e+00 1.42052993e-01 0.00000000e+00 0.00000000e+00
ID0 3.90538910e-01 3.72532140e-01 -2.04389146e+00 1.43464098e-01 0.00000000e+00 0.00000000e+00
ID0 4.07593631e-01 3.72069797e-01 -2.03729215e+00 1.44658940e-01 0.00000000e+00 0.00000000e+00
ID0 4.24628625e-01 3.71670896e-01 -2.03064207e+00 1.45680774e-01 0.00000000e+00 0.00000000e+00
ID0 4.41646558e-01 3.71324874e-01 -2.02394844e+00 1.46560502e-01 0.00000000e+00 0.00000000e+00
ID0 4.58649653e-01 3.71023119e-01 -2.01721719e+00 1.47322734e-01 0.00000000e+00 0.00000000e+00
ID0 4.75639795e-01 3.70759335e-01 -2.01045332e+00 1.47985332e-01 0.00000000e+00 0.00000000e+00
ID0 4.92618595e-01 3.70527915e-01 -2.00366101e+00 1.48563816e-01 0.00000000e+00 0.00000000e+00
ID0 5.09587436e-01 3.70324546e-01 -1.99684386e+00 1.49070029e-01 0.00000000e+00 0.00000000e+00
ID0 5.26547514e-01 3.70145316e-01 -1.99000494e+00 1.49514508e-01 0.00000000e+00 0.00000000e+00
ID0 5.43499862e-01 3.69987066e-01 -1.98314687e+00 1.49905684e-01 0.00000000e+00 0.00000000e+00
ID0 5.60445376e-01 3.69846953e-01 -1.97627194e+00 1.50251038e-01 0.00000000e+00 0.00000000e+00
ID0 5.77384832e-01 3.69722554e-01 -1.96938209e+00 1.50556888e-01 0.00000000e+00 0.00000000e+00
ID0 5.94318900e-01 3.69611748e-01 -1.96247901e+00 1.50828707e-01 0.00000000e+00 0.00000000e+00
ID0 6.11248162e-01 3.69512701e-01 -1.95556415e+00 1.51071197e-01 0.00000000e+00 0.00000000e+00
ID0 6.28173120e-01 3.69423821e-01 -1.94863876e+00 1.51288410e-01 0.00000000e+00 0.00000000e+00
ID0 6.45094204e-01 3.69343610e-01 -1.94170391e+00 1.51484126e-01 0.00000000e+00 0.00000000e+00
ID0 6.62011785e-01 3.69270868e-01 -1.93476052e+00 1.51661363e-01 0.00000000e+00 0.00000000e+00
ID0 6.78926177e-01 3.69204363e-01 -1.92780937e+00 1.51823192e-01 0.00000000e+00 0.00000000e+00
ID0 6.95837643e-01 3.69143132e-01 -1.92085109e+00 1.51972006e-01 0.00000000e+00 0.00000000e+00
ID0 7.12746402e-01 3.69086151e-01 -1.91388625e+00 1.52110342e-01 0.00000000e+00 0.00000000e+00
ID0 7.29652629e-01 3.69032601e-01 -1.90691525e+00 1.52240213e-01 0.00000000e+00 0.00000000e+00
ID0 7.46556461e-01 3.68981588e-01 -1.89993846e+00 1.52363812e-01 0.00000000e+00 0.00000000e+00
ID0 7.63457997e-01 3.68932390e-01 -1.89295610e+00 1.52482899e-01 0.00000000e+00 0.00000000e+00
ID0 7.80357303e-01 3.68884180e-01 -1.88596835e+00 1.52599492e-01 0.00000000e+00 0.00000000e+00
ID0 7.97254405e-01 3.68836215e-01 -1.87897527e+00 1.52715388e-01 0.00000000e+00 0.00000000e+00
ID0 8.14149299e-01 3.68787715e-01 -1.87197685e+00 1.52832471e-01 0.00000000e+00 0.00000000e+00
ID0 8.31041940e-01 3.68737893e-01 -1.86497300e+00 1.52952638e-01 0.00000000e+00 0.00000000e+00
ID0 8.47932251e-01 3.68685968e-01 -1.85796354e+00 1.53077759e-01 0.00000000e+00 0.00000000e+00
ID0 8.64820114e-01 3.68631045e-01 -1.85094818e+00 1.53209971e-01 0.00000000e+00 0.00000000e+00
ID0 8.81705371e-01 3.68572180e-01 -1.84392654e+00 1.53351528e-01 0.00000000e+00 0.00000000e+00
ID0 8.98587814e-01 3.68508160e-01 -1.83689815e+00 1.53505306e-01 0.00000000e+00 0.00000000e+00
ID0 9.15467175e-01 3.68437665e-01 -1.82986236e+00 1.53674428e-01 0.00000000e+00 0.00000000e+00
ID0 9.32343115e-01 3.68358765e-01 -1.82281836e+00 1.53863456e-01 0.00000000e+00 0.00000000e+00
ID0 9.49215210e-01 3.68269807e-01 -1.81576516e+00 1.54076255e-01 0.00000000e+00 0.00000000e+00
ID0 9.66082960e-01 3.68169038e-01 -1.80870158e+00 1.54316890e-01 0.00000000e+00 0.00000000e+00
ID0 9.82945794e-01 3.68055221e-01 -1.80162627e+00 1.54588154e-01 0.00000000e+00 0.00000000e+00
ID0 9.99803080e-01 3.67926786e-01 -1.79453775e+00 1.54893587e-01 0.00000000e+00 0.00000000e+00
ID0 1.01665410e+00 3.67781836e-01 -1.78743436e+00 1.55237445e-01 0.00000000e+00 0.00000000e+00
ID0 1.03349805e+00 3.67617643e-01 -1.78031419e+00 1.55625871e-01 0.00000000e+00 0.00000000e+00
ID0 1.05033396e+00 3.67431106e-01 -1.77317506e+00 1.56065773e-01 0.00000000e+00 0.00000000e+00
ID0 1.06716072e+00 3.67218191e-01 -1.76601439e+00 1.56566098e-01 0.00000000e+00 0.00000000e+00
ID0 1.08397702e+00 3.66974279e-01 -1.75882918e+00 1.57136952e-01 0.00000000e+00 0.00000000e+00
ID0 1.10078129e+00 3.66693450e-01 -1.75161592e+00 1.57791181e-01 0.00000000e+00 0.00000000e+00
ID0 1.11757170e+00 3.66368646e-01 -1.74437043e+00 1.58543869e-01 0.00000000e+00 0.00000000e+00
ID0 1.13434601e+00 3.65990657e-01 -1.73708776e+00 1.59414496e-01 0.00000000e+00 0.00000000e+00
ID0 1.15110153e+00 3.65548136e-01 -1.72976196e+00 1.60426630e-01 0.00000000e+00 0.00000000e+00
ID0 1.16783493e+00 3.65025297e-01 -1.72238582e+00 1.61612733e-01 0.00000000e+00 0.00000000e+00
ID0 1.18454209e+00 3.64402274e-01 -1.71495044e+00 1.63012655e-01 0.00000000e+00 0.00000000e+00
ID0 1.20121773e+00 3.63648938e-01 -1.70744466e+00 1.64686347e-01 0.00000000e+00 0.00000000e+00
ID0 1.21785493e+00 3.62724256e-01 -1.69985413e+00 1.66713098e-01 0.00000000e+00 0.00000000e+00
ID0 1.23444432e+00 3.61561620e-01 -1.69215976e+00 1.69219791e-01 0.00000000e+00 0.00000000e+00
ID0 1.25097300e+00 3.60073502e-01 -1.68433597e+00 1.72363615e-01 0.00000000e+00 0.00000000e+00
ID0 1.26742313e+00 3.58132299e-01 -1.67634860e+00 1.76361559e-01 0.00000000e+00 0.00000000e+00
ID0 1.28377165e+00 3.55637046e-01 -1.66815562e+00 1.81340659e-01 0.00000000e+00 0.00000000e+00
ID0 1.29999247e+00 3.52557456e-01 -1.65971307e+00 1.87257532e-01 0.00000000e+00 0.00000000e+00
ID0 1.31606027e+00 3.48955914e-01 -1.65098317e+00 1.93886341e-01 0.00000000e+00 0.00000000e+00
ID0 1.33195441e+00 3.44975380e-01 -1.64194117e+00 2.00883374e-01 0.00000000e+00 0.00000000e+00
ID0 1.34765991e+00 3.40720123e-01 -1.63257547e+00 2.08019087e-01 0.00000000e+00 0.00000000e+00
ID0 1.36316574e+00 3.36258151e-01 -1.62288284e+00 2.15157149e-01 0.00000000e+00 0.00000000e+00
ID0 1.37846306e+00 3.31616013e-01 -1.61286437e+00 2.22245277e-01 0.00000000e+00 0.00000000e+00
ID0 1.39354387e+00 3.26806189e-01 -1.60252289e+00 2.29259368e-01 0.00000000e+00 0.00000000e+00
ID0 1.40840067e+00 3.21835392e-01 -1.59186209e+00 2.36186628e-01 0.00000000e+00 0.00000000e+00
ID0 1.42302618e+00 3.16707982e-01 -1.58088613e+00 2.43018924e-01 0.00000000e+00 0.00000000e+00
ID0 1.43741330e+00 3.11427647e-01 -1.56959952e+00 2.49749803e-01 0.00000000e+00 0.00000000e+00
ID0 1.45155510e+00 3.05997594e-01 -1.55800702e+00 2.56373976e-01 0.00000000e+00 0.00000000e+00
ID0 1.46544480e+00 3.00420911e-01 -1.54611362e+00 2.62886704e-01 0.00000000e+00 0.00000000e+00
ID0 1.47907576e+00 2.94700695e-01 -1.53392454e+00 2.69283574e-01 0.00000000e+00 0.00000000e+00
ID0 1.49244145e+00 2.88840093e-01 -1.52144517e+00 2.75560417e-01 0.00000000e+00 0.00000000e+00
ID0 1.50553554e+00 2.82842176e-01 -1.50868110e+00 2.81713412e-01 0.00000000e+00 0.00000000e+00
ID0 1.51835180e+00 2.76710474e-01 -1.49563810e+00 2.87738521e-01 0.00000000e+00 0.00000000e+00
ID0 1.53088420e+00 2.70448655e-01 -1.48232211e+00 2.93631858e-01 0.00000000e+00 0.00000000e+00
ID0 1.54312687e+00 2.64061040e-01 -1.46873927e+00 2.99389228e-01 0.00000000e+00 0.00000000e+00
ID0 1.55507415e+00 2.57552194e-01 -1.45489590e+00 3.05006574e-01 0.00000000e+00 0.00000000e+00
ID0 1.56672061e+00 2.50927364e-01 -1.44079851e+00 3.10479631e-01 0.00000000e+00 0.00000000e+00
ID0 1.57806104e+00 2.44191066e-01 -1.42645378e+00 3.15805108e-01 0.00000000e+00 0.00000000e+00
ID0 1.58909045e+00 2.37348325e-01 -1.41186856e+00 3.20979619e-01 0.00000000e+00 0.00000000e+00
ID0 1.59980409e+00 2.30404951e-01 -1.39704984e+00 3.25999542e-01 0.00000000e+00 0.00000000e+00
ID0 1.61019755e+00 2.23368913e-01 -1.38200481e+00 3.30860200e-01 0.00000000e+00 0.00000000e+00
ID0 1.62026684e+00 2.16252304e-01 -1.36674091e+00 3.35554890e-01 0.00000000e+00 0.00000000e+00
ID0 1.63000884e+00 2.09079317e-01 -1.35126606e+00 3.40070555e-01 0.00000000e+00 0.00000000e+00
ID0 1.63942215e+00 2.01901677e-01 -1.33558907e+00 3.44380394e-01 0.00000000e+00 0.00000000e+00
ID0 1.64850950e+00 1.94848398e-01 -1.31972085e+00 3.48419639e-01 0.00000000e+00 0.00000000e+00
ID0 1.65728223e+00 1.88165108e-01 -1.30367640e+00 3.52073906e-01 0.00000000e+00 0.00000000e+00
ID0 1.66576450e+00 1.82167436e-01 -1.28747634e+00 3.55214257e-01 0.00000000e+00 0.00000000e+00
ID0 1.67399376e+00 1.77118571e-01 -1.27114607e+00 3.57758515e-01 0.00000000e+00 0.00000000e+00
ID0 1.68201462e+00 1.73068667e-01 -1.25471225e+00 3.59735152e-01 0.00000000e+00 0.00000000e+00
ID0 1.68986963e+00 1.69877569e-01 -1.23819838e+00 3.61253034e-01 0.00000000e+00 0.00000000e+00
ID0 1.69759374e+00 1.67354111e-01 -1.22162282e+00 3.62428951e-01 0.00000000e+00 0.00000000e+00
ID0 1.70521313e+00 1.65305019e-01 -1.20499882e+00 3.63368124e-01 0.00000000e+00 0.00000000e+00
ID0 1.71274697e+00 1.63619469e-01 -1.18833585e+00 3.64130213e-01 0.00000000e+00 0.00000000e+00
ID0 1.72020976e+00 1.62202809e-01 -1.17164092e+00 3.64763474e-01 0.00000000e+00 0.00000000e+00
ID0 1.72761263e+00 1.61003077e-01 -1.15491931e+00 3.65294610e-01 0.00000000e+00 0.00000000e+00
ID0 1.73496446e+00 1.59974708e-01 -1.13817521e+00 3.65746136e-01 0.00000000e+00 0.00000000e+00
ID0 1.74227244e+00 1.59089001e-01 -1.12141191e+00 3.66132261e-01 0.00000000e+00 0.00000000e+00
ID0 1.74954254e+00 1.58320188e-01 -1.10463214e+00 3.66465361e-01 0.00000000e+00 0.00000000e+00
ID0 1.75677971e+00 1.57651568e-01 -1.08783815e+00 3.66753495e-01 0.00000000e+00 0.00000000e+00
ID0 1.76398817e+00 1.57066964e-01 -1.07103181e+00 3.67004239e-01 0.00000000e+00 0.00000000e+00
ID0 1.77117153e+00 1.56555297e-01 -1.05421472e+00 3.67222796e-01 0.00000000e+00 0.00000000e+00
ID0 1.77833286e+00 1.56105441e-01 -1.03738824e+00 3.67414254e-01 0.00000000e+00 0.00000000e+00
ID0 1.78547482e+00 1.55709638e-01 -1.02055352e+00 3.67582170e-01 0.00000000e+00 0.00000000e+00
ID0 1.79259970e+00 1.55359778e-01 -1.00371158e+00 3.67730176e-01 0.00000000e+00 0.00000000e+00
ID0 1.79970948e+00 1.55050132e-01 -9.86863246e-01 3.67860843e-01 0.00000000e+00 0.00000000e+00
ID0 1.80680586e+00 1.54774660e-01 -9.70009266e-01 3.67976830e-01 0.00000000e+00 0.00000000e+00
ID0 1.81389030e+00 1.54529104e-01 -9.53150266e-01 3.68080017e-01 0.00000000e+00 0.00000000e+00
ID0 1.82096408e+00 1.54309005e-01 -9.36286788e-01 3.68172343e-01 0.00000000e+00 0.00000000e+00
ID0 1.82802827e+00 1.54110911e-01 -9.19419295e-01 3.68255306e-01 0.00000000e+00 0.00000000e+00
ID0 1.83508382e+00 1.53931466e-01 -9.02548183e-01 3.68330350e-01 0.00000000e+00 0.00000000e+00
ID0 1.84213152e+00 1.53767877e-01 -8.85673787e-01 3.68398674e-01 0.00000000e+00 0.00000000e+00
ID0 1.84917202e+00 1.53617466e-01 -8.68796389e-01 3.68461419e-01 0.00000000e+00 0.00000000e+00
ID0 1.85620588e+00 1.53477918e-01 -8.51916222e-01 3.68519568e-01 0.00000000e+00 0.00000000e+00
ID0 1.86323355e+00 1.53347038e-01 -8.35033476e-01 3.68574048e-01 0.00000000e+00 0.00000000e+00
ID0 1.87025537e+00 1.53222736e-01 -8.18148297e-01 3.68625740e-01 0.00000000e+00 0.00000000e+00
ID0 1.87727160e+00 1.53103196e-01 -8.01260797e-01 3.68675405e-01 0.00000000e+00 0.00000000e+00
ID0 1.88428243e+00 1.52986399e-01 -7.84371049e-01 3.68723887e-01 0.00000000e+00 0.00000000e+00
ID0 1.89128792e+00 1.52870609e-01 -7.67479091e-01 3.68771907e-01 0.00000000e+00 0.00000000e+00
ID0 1.89828809e+00 1.52753816e-01 -7.50584924e-01 3.68820301e-01 0.00000000e+00 0.00000000e+00
ID0 1.90528285e+00 1.52634283e-01 -7.33688516e-01 3.68869785e-01 0.00000000e+00 0.00000000e+00
ID0 1.91227202e+00 1.52509955e-01 -7.16789796e-01 3.68921206e-01 0.00000000e+00 0.00000000e+00
ID0 1.91925534e+00 1.52378933e-01 -6.99888659e-01 3.68975343e-01 0.00000000e+00 0.00000000e+00
ID0 1.92623245e+00 1.52238768e-01 -6.82984956e-01 3.69033197e-01 0.00000000e+00 0.00000000e+00
ID0 1.93320287e+00 1.52086898e-01 -6.66078494e-01 3.69095812e-01 0.00000000e+00 0.00000000e+00
ID0 1.94016599e+00 1.51919980e-01 -6.49169024e-01 3.69164547e-01 0.00000000e+00 0.00000000e+00
ID0 1.94712103e+00 1.51733916e-01 -6.32256227e-01 3.69241062e-01 0.00000000e+00 0.00000000e+00
ID0 1.95406700e+00 1.51524397e-01 -6.15339707e-01 3.69327091e-01 0.00000000e+00 0.00000000e+00
ID0 1.96100275e+00 1.51287509e-01 -5.98418992e-01 3.69424191e-01 0.00000000e+00 0.00000000e+00
ID0 1.96792695e+00 1.51020154e-01 -5.81493548e-01 3.69533566e-01 0.00000000e+00 0.00000000e+00
ID0 1.97483813e+00 1.50718912e-01 -5.64562783e-01 3.69656533e-01 0.00000000e+00 0.00000000e+00
ID0 1.98173463e+00 1.50379660e-01 -5.47626036e-01 3.69794674e-01 0.00000000e+00 0.00000000e+00
ID0 1.98861459e+00 1.49996234e-01 -5.30682560e-01 3.69950365e-01 0.00000000e+00 0.00000000e+00
ID0 1.99547581e+00 1.49562015e-01 -5.13731493e-01 3.70126123e-01 0.00000000e+00 0.00000000e+00
ID0 2.00231577e+00 1.49067679e-01 -4.96771833e-01 3.70325492e-01 0.00000000e+00 0.00000000e+00
ID0 2.00913149e+00 1.48503690e-01 -4.79802418e-01 3.70552017e-01 0.00000000e+00 0.00000000e+00
ID0 2.01591946e+00 1.47856395e-01 -4.62821888e-01 3.70810773e-01 0.00000000e+00 0.00000000e+00
ID0 2.02267556e+00 1.47111696e-01 -4.45828650e-01 3.71106847e-01 0.00000000e+00 0.00000000e+00
ID0 2.02939482e+00 1.46248652e-01 -4.28820821e-01 3.71447809e-01 0.00000000e+00 0.00000000e+00
ID0 2.03607134e+00 1.45245209e-01 -4.11796169e-01 3.71841327e-01 0.00000000e+00 0.00000000e+00
ID0 2.04269788e+00 1.44066666e-01 -3.94752009e-01 3.72299528e-01 0.00000000e+00 0.00000000e+00
ID0 2.04926554e+00 1.42674937e-01 -3.77685088e-01 3.72835092e-01 0.00000000e+00 0.00000000e+00
ID0 2.05576313e+00 1.41007172e-01 -3.60591379e-01 3.73469035e-01 0.00000000e+00 0.00000000e+00
ID0 2.06217622e+00 1.38985426e-01 -3.43465809e-01 3.74226127e-01 0.00000000e+00 0.00000000e+00
ID0 2.06848559e+00 1.36478955e-01 -3.26301796e-01 3.75147488e-01 0.00000000e+00 0.00000000e+00
ID0 2.07466521e+00 1.33320639e-01 -3.09090705e-01 3.76281477e-01 0.00000000e+00 0.00000000e+00
ID0 2.08067989e+00 1.29277967e-01 -2.91821392e-01 3.77689489e-01 0.00000000e+00 0.00000000e+00
ID0 2.08648487e+00 1.24165007e-01 -2.74480625e-01 3.79401099e-01 0.00000000e+00 0.00000000e+00
ID0 2.09203056e+00 1.17957395e-01 -2.57055404e-01 3.81376711e-01 0.00000000e+00 0.00000000e+00
ID0 2.09727120e+00 1.10846899e-01 -2.39536214e-01 3.83503726e-01 0.00000000e+00 0.00000000e+00
ID0 2.10217253e+00 1.03142936e-01 -2.21919214e-01 3.85647090e-01 0.00000000e+00 0.00000000e+00
ID0 2.10671375e+00 9.51247219e-02 -2.04206037e-01 3.87702760e-01 0.00000000e+00 0.00000000e+00
ID0 2.11088382e+00 8.69389150e-02 -1.86401862e-01 3.89620030e-01 0.00000000e+00 0.00000000e+00
ID0 2.11467671e+00 7.86570898e-02 -1.68513553e-01 3.91376041e-01 0.00000000e+00 0.00000000e+00
ID0 2.11808862e+00 7.03052703e-02 -1.50548692e-01 3.92962227e-01 0.00000000e+00 0.00000000e+00
ID0 2.12111670e+00 6.18997372e-02 -1.32515173e-01 3.94373637e-01 0.00000000e+00 0.00000000e+00
ID0 2.12375871e+00 5.34491915e-02 -1.14421064e-01 3.95607542e-01 0.00000000e+00 0.00000000e+00
ID0 2.12601275e+00 4.49613368e-02 -9.62745446e-02 3.96661847e-01 0.00000000e+00 0.00000000e+00
ID0 2.12787726e+00 3.64421217e-02 -7.80838770e-02 3.97535048e-01 0.00000000e+00 0.00000000e+00
ID0 2.12935092e+00 2.78972287e-02 -5.98573850e-02 3.98225925e-01 0.00000000e+00 0.00000000e+00
ID0 2.13043268e+00 1.93319238e-02 -4.16034425e-02 3.98733520e-01 0.00000000e+00 0.00000000e+00
ID0 2.13112172e+00 1.07514551e-02 -2.33304631e-02 3.99057075e-01 0.00000000e+00 0.00000000e+00
ID0 2.13141747e+00 2.16069122e-03 -5.04688995e-03 3.99196035e-01 0.00000000e+00 0.00000000e+00
ID0 2.13131956e+00 -6.43511107e-03 1.32388119e-02 3.99150012e-01 0.00000000e+00 0.00000000e+00
ID0 2.13082790e+00 -1.50305479e-02 3.15181642e-02 3.98918821e-01 0.00000000e+00 0.00000000e+00
