# The six-dimensional phase space data in the global Cartesian coordinates
# Part. ID    x [m]       beta_x*gamma       y [m]      beta_y*gamma        z [m]      beta_z*gamma
ID0 2.13140000e+00 -2.40000000e-04 0.00000000e+00 3.99201810e-01 0.00000000e+00 0.00000000e+00
ID0 2.13119211e+00 -8.83664241e-03 1.82854886e-02 3.99104068e-01 0.00000000e+00 0.00000000e+00
ID0 2.13059043e+00 -1.74313265e-02 3.65622579e-02 3.98821128e-01 0.00000000e+00 0.00000000e+00
ID0 2.12959520e+00 -2.60181498e-02 5.48218259e-02 3.98353108e-01 0.00000000e+00 0.00000000e+00
ID0 2.12820692e+00 -3.45907630e-02 7.30557225e-02 3.97700418e-01 0.00000000e+00 0.00000000e+00
ID0 2.12642639e+00 -4.31427596e-02 9.12555032e-02 3.96863762e-01 0.00000000e+00 0.00000000e+00
ID0 2.12425467e+00 -5.16684968e-02 1.09412761e-01 3.95844047e-01 0.00000000e+00 0.00000000e+00
ID0 2.12169312e+00 -6.01619680e-02 1.27519136e-01 3.94642472e-01 0.00000000e+00 0.00000000e+00
ID0 2.11874335e+00 -6.86162762e-02 1.45566332e-01 3.93260664e-01 0.00000000e+00 0.00000000e+00
ID0 2.11540738e+00 -7.70219575e-02 1.63546146e-01 3.91701112e-01 0.00000000e+00 0.00000000e+00
ID0 2.11168771e+00 -8.53647665e-02 1.81450520e-01 3.89967947e-01 0.00000000e+00 0.00000000e+00
ID0 2.10758784e+00 -9.36143992e-02 1.99271682e-01 3.88070209e-01 0.00000000e+00 0.00000000e+00
ID0 2.10311323e+00 -1.01709240e-01 2.17002471e-01 3.86027685e-01 0.00000000e+00 0.00000000e+00
ID0 2.09827421e+00 -1.09491174e-01 2.34637313e-01 3.83892988e-01 0.00000000e+00 0.00000000e+00
ID0 2.09309044e+00 -1.16706429e-01 2.52173955e-01 3.81761382e-01 0.00000000e+00 0.00000000e+00
ID0 2.08759552e+00 -1.23030456e-01 2.69615671e-01 3.79770523e-01 0.00000000e+00 0.00000000e+00
ID0 2.08183547e+00 -1.28262833e-01 2.86971701e-01 3.78035434e-01 0.00000000e+00 0.00000000e+00
ID0 2.07586100e+00 -1.32408997e-01 3.04255149e-01 3.76603241e-01 0.00000000e+00 0.00000000e+00
ID0 2.06971835e+00 -1.35646414e-01 3.21479582e-01 3.75449323e-01 0.00000000e+00 0.00000000e+00
ID0 2.06344372e+00 -1.38204046e-01 3.38656395e-01 3.74515401e-01 0.00000000e+00 0.00000000e+00
ID0 2.05706387e+00 -1.40268391e-01 3.55794420e-01 3.73747137e-01 0.00000000e+00 0.00000000e+00
ID0 2.05059820e+00 -1.41966684e-01 3.72900262e-01 3.73105353e-01 0.00000000e+00 0.00000000e+00
ID0 2.04406138e+00 -1.43387911e-01 3.89979044e-01 3.72561473e-01 0.00000000e+00 0.00000000e+00
ID0 2.03746463e+00 -1.44590609e-01 4.07034773e-01 3.72096358e-01 0.00000000e+00 0.00000000e+00
ID0 2.03081694e+00 -1.45618734e-01 4.24070712e-01 3.71695209e-01 0.00000000e+00 0.00000000e+00
ID0 2.02412553e+00 -1.46503551e-01 4.41089530e-01 3.71347349e-01 0.00000000e+00 0.00000000e+00
ID0 2.01739639e+00 -1.47269993e-01 4.58093463e-01 3.71044059e-01 0.00000000e+00 0.00000000e+00
ID0 2.01063449e+00 -1.47936124e-01 4.75084400e-01 3.70778974e-01 0.00000000e+00 0.00000000e+00
ID0 2.00384408e+00 -1.48517599e-01 4.92063959e-01 3.70546444e-01 0.00000000e+00 0.00000000e+00
ID0 1.99702873e+00 -1.49026352e-01 5.09033526e-01 3.70342126e-01 0.00000000e+00 0.00000000e+00
ID0 1.99019154e+00 -1.49473019e-01 5.25994305e-01 3.70162074e-01 0.00000000e+00 0.00000000e+00
ID0 1.98333514e+00 -1.49866051e-01 5.42947329e-01 3.70003123e-01 0.00000000e+00 0.00000000e+00
ID0 1.97646182e+00 -1.50213034e-01 5.59893500e-01 3.69862391e-01 0.00000000e+00 0.00000000e+00
ID0 1.96957354e+00 -1.50520252e-01 5.76833595e-01 3.69737472e-01 0.00000000e+00 0.00000000e+00
ID0 1.96267199e+00 -1.50793280e-01 5.93768288e-01 3.69626204e-01 0.00000000e+00 0.00000000e+00
ID0 1.95575863e+00 -1.51036784e-01 6.10698161e-01 3.69526771e-01 0.00000000e+00 0.00000000e+00
ID0 1.94883470e+00 -1.51254910e-01 6.27623719e-01 3.69437540e-01 0.00000000e+00 0.00000000e+00
ID0 1.94190130e+00 -1.51451376e-01 6.44545395e-01 3.69357043e-01 0.00000000e+00 0.00000000e+00
ID0 1.93495933e+00 -1.51629304e-01 6.61463559e-01 3.69284035e-01 0.00000000e+00 0.00000000e+00
ID0 1.92800957e+00 -1.51791682e-01 6.78378527e-01 3.69217320e-01 0.00000000e+00 0.00000000e+00
ID0 1.92105269e+00 -1.51941006e-01 6.95290564e-01 3.69155895e-01 0.00000000e+00 0.00000000e+00
ID0 1.91408921e+00 -1.52079730e-01 7.12199889e-01 3.69098767e-01 0.00000000e+00 0.00000000e+00
ID0 1.90711959e+00 -1.52209928e-01 7.29106680e-01 3.69045095e-01 0.00000000e+00 0.00000000e+00
ID0 1.90014415e+00 -1.52333776e-01 7.46011073e-01 3.68993990e-01 0.00000000e+00 0.00000000e+00
ID0 1.89316315e+00 -1.52453056e-01 7.62913171e-01 3.68944725e-01 0.00000000e+00 0.00000000e+00
ID0 1.88617676e+00 -1.52569778e-01 7.79813038e-01 3.68896472e-01 0.00000000e+00 0.00000000e+00
ID0 1.87918504e+00 -1.52685735e-01 7.96710704e-01 3.68848493e-01 0.00000000e+00 0.00000000e+00
ID0 1.87218799e+00 -1.52802835e-01 8.13606163e-01 3.68799997e-01 0.00000000e+00 0.00000000e+00
ID0 1.86518552e+00 -1.52922939e-01 8.30499374e-01 3.68750212e-01 0.00000000e+00 0.00000000e+00
ID0 1.85817743e+00 -1.53047966e-01 8.47390260e-01 3.68698338e-01 0.00000000e+00 0.00000000e+00
ID0 1.85116347e+00 -1.53180002e-01 8.64278705e-01 3.68643501e-01 0.00000000e+00 0.00000000e+00
ID0 1.84414326e+00 -1.53321360e-01 8.81164553e-01 3.68584732e-01 0.00000000e+00 0.00000000e+00
ID0 1.83711630e+00 -1.53474827e-01 8.98047595e-01 3.68520856e-01 0.00000000e+00 0.00000000e+00
ID0 1.83008198e+00 -1.53643643e-01 9.14927570e-01 3.68450506e-01 0.00000000e+00 0.00000000e+00
ID0 1.82303949e+00 -1.53832140e-01 9.31804138e-01 3.68371846e-01 0.00000000e+00 0.00000000e+00
ID0 1.81598784e+00 -1.54044312e-01 9.48676881e-01 3.68283171e-01 0.00000000e+00 0.00000000e+00
ID0 1.80892585e+00 -1.54284141e-01 9.65545298e-01 3.68182765e-01 0.00000000e+00 0.00000000e+00
ID0 1.80185218e+00 -1.54554522e-01 9.82408823e-01 3.68069347e-01 0.00000000e+00 0.00000000e+00
ID0 1.79476536e+00 -1.54858998e-01 9.99266825e-01 3.67941347e-01 0.00000000e+00 0.00000000e+00
ID0 1.78766374e+00 -1.55201789e-01 1.01611859e+00 3.67796885e-01 0.00000000e+00 0.00000000e+00
ID0 1.78054542e+00 -1.55589000e-01 1.03296332e+00 3.67633251e-01 0.00000000e+00 0.00000000e+00
ID0 1.77340821e+00 -1.56027473e-01 1.04980005e+00 3.67447373e-01 0.00000000e+00 0.00000000e+00
ID0 1.76624958e+00 -1.56526170e-01 1.06662768e+00 3.67235214e-01 0.00000000e+00 0.00000000e+00
ID0 1.75906654e+00 -1.57095074e-01 1.08344491e+00 3.66992210e-01 0.00000000e+00 0.00000000e+00
ID0 1.75185559e+00 -1.57747091e-01 1.10025019e+00 3.66712421e-01 0.00000000e+00 0.00000000e+00
ID0 1.74461259e+00 -1.58497088e-01 1.11704167e+00 3.66388888e-01 0.00000000e+00 0.00000000e+00
ID0 1.73733262e+00 -1.59364651e-01 1.13381717e+00 3.66012366e-01 0.00000000e+00 0.00000000e+00
ID0 1.73000979e+00 -1.60373029e-01 1.15057399e+00 3.65571656e-01 0.00000000e+00 0.00000000e+00
ID0 1.72263693e+00 -1.61554733e-01 1.16730886e+00 3.65050972e-01 0.00000000e+00 0.00000000e+00
ID0 1.71520525e+00 -1.62949278e-01 1.18401769e+00 3.64430620e-01 0.00000000e+00 0.00000000e+00
ID0 1.70770370e+00 -1.64616556e-01 1.20069526e+00 3.63680538e-01 0.00000000e+00 0.00000000e+00
ID0 1.70011809e+00 -1.66635293e-01 1.21733476e+00 3.62760008e-01 0.00000000e+00 0.00000000e+00
ID0 1.69242964e+00 -1.69131192e-01 1.23392698e+00 3.61603076e-01 0.00000000e+00 0.00000000e+00
ID0 1.68461305e+00 -1.72261109e-01 1.25045919e+00 3.60122555e-01 0.00000000e+00 0.00000000e+00
ID0 1.67663445e+00 -1.76234997e-01 1.26691379e+00 3.58194598e-01 0.00000000e+00 0.00000000e+00
ID0 1.66845181e+00 -1.81181492e-01 1.28326782e+00 3.55718163e-01 0.00000000e+00 0.00000000e+00
ID0 1.66002059e+00 -1.87063764e-01 1.29949502e+00 3.52660308e-01 0.00000000e+00 0.00000000e+00
ID0 1.65130243e+00 -1.93657524e-01 1.31556982e+00 3.49082953e-01 0.00000000e+00 0.00000000e+00
ID0 1.64227227e+00 -2.00638803e-01 1.33147139e+00 3.45117684e-01 0.00000000e+00 0.00000000e+00
ID0 1.63291814e+00 -2.07767608e-01 1.34718455e+00 3.40873533e-01 0.00000000e+00 0.00000000e+00
ID0 1.62323694e+00 -2.14905424e-01 1.36269833e+00 3.36419089e-01 0.00000000e+00 0.00000000e+00
ID0 1.61322970e+00 -2.21995471e-01 1.37800381e+00 3.31783296e-01 0.00000000e+00 0.00000000e+00
ID0 1.60289929e+00 -2.29012458e-01 1.39309306e+00 3.26979264e-01 0.00000000e+00 0.00000000e+00
ID0 1.59224938e+00 -2.35943099e-01 1.40795852e+00 3.22013973e-01 0.00000000e+00 0.00000000e+00
ID0 1.58128412e+00 -2.42779064e-01 1.42259291e+00 3.16891891e-01 0.00000000e+00 0.00000000e+00
ID0 1.57000801e+00 -2.49513839e-01 1.43698916e+00 3.11616734e-01 0.00000000e+00 0.00000000e+00
ID0 1.55842581e+00 -2.56142089e-01 1.45114030e+00 3.06191729e-01 0.00000000e+00 0.00000000e+00
ID0 1.54654250e+00 -2.62659045e-01 1.46503957e+00 3.00619978e-01 0.00000000e+00 0.00000000e+00
ID0 1.53436330e+00 -2.69060289e-01 1.47868029e+00 2.94904570e-01 0.00000000e+00 0.00000000e+00
ID0 1.52189359e+00 -2.75341642e-01 1.49205596e+00 2.89048655e-01 0.00000000e+00 0.00000000e+00
ID0 1.50913896e+00 -2.81499258e-01 1.50516023e+00 2.83055316e-01 0.00000000e+00 0.00000000e+00
ID0 1.49610516e+00 -2.87529118e-01 1.51798686e+00 2.76928061e-01 0.00000000e+00 0.00000000e+00
ID0 1.48279815e+00 -2.93427306e-01 1.53052981e+00 2.70670576e-01 0.00000000e+00 0.00000000e+00
ID0 1.46922404e+00 -2.99189668e-01 1.54278321e+00 2.64287131e-01 0.00000000e+00 0.00000000e+00
ID0 1.45538915e+00 -3.04812089e-01 1.55474140e+00 2.57782340e-01 0.00000000e+00 0.00000000e+00
ID0 1.44129999e+00 -3.10290408e-01 1.56639892e+00 2.51161317e-01 0.00000000e+00 0.00000000e+00
ID0 1.42696324e+00 -3.15621225e-01 1.57775057e+00 2.44428695e-01 0.00000000e+00 0.00000000e+00
ID0 1.41238573e+00 -3.20801189e-01 1.58879134e+00 2.37589439e-01 0.00000000e+00 0.00000000e+00
ID0 1.39757446e+00 -3.25826611e-01 1.59951648e+00 2.30649440e-01 0.00000000e+00 0.00000000e+00
ID0 1.38253660e+00 -3.30692918e-01 1.60992154e+00 2.23616499e-01 0.00000000e+00 0.00000000e+00
ID0 1.36727959e+00 -3.35393122e-01 1.62000252e+00 2.16503114e-01 0.00000000e+00 0.00000000e+00
ID0 1.35181130e+00 -3.39914679e-01 1.62975623e+00 2.09332644e-01 0.00000000e+00 0.00000000e+00
ID0 1.33614044e+00 -3.44229439e-01 1.63918105e+00 2.02158943e-01 0.00000000e+00 0.00000000e+00
ID0 1.32027779e+00 -3.48275299e-01 1.64827939e+00 1.95106281e-01 0.00000000e+00 0.00000000e+00
ID0 1.30423803e+00 -3.51938237e-01 1.65706182e+00 1.88418742e-01 0.00000000e+00 0.00000000e+00
ID0 1.28804171e+00 -3.55092608e-01 1.66555219e+00 1.82404455e-01 0.00000000e+00 0.00000000e+00
ID0 1.27171428e+00 -3.57656857e-01 1.67378777e+00 1.77323765e-01 0.00000000e+00 0.00000000e+00
ID0 1.25528264e+00 -3.59654208e-01 1.68181353e+00 1.73236821e-01 0.00000000e+00 0.00000000e+00
ID0 1.23877056e+00 -3.61189483e-01 1.68967255e+00 1.70012656e-01 0.00000000e+00 0.00000000e+00
ID0 1.22219650e+00 -3.62379064e-01 1.69740006e+00 1.67462115e-01 0.00000000e+00 0.00000000e+00
ID0 1.20557379e+00 -3.63327228e-01 1.70502237e+00 1.65394895e-01 0.00000000e+00 0.00000000e+00
ID0 1.18891194e+00 -3.64096799e-01 1.71255878e+00 1.63693820e-01 0.00000000e+00 0.00000000e+00
ID0 1.17221798e+00 -3.64734867e-01 1.72002382e+00 1.62267134e-01 0.00000000e+00 0.00000000e+00
ID0 1.15549725e+00 -3.65270112e-01 1.72742869e+00 1.61058656e-01 0.00000000e+00 0.00000000e+00
ID0 1.13875392e+00 -3.65724570e-01 1.73478232e+00 1.60024013e-01 0.00000000e+00 0.00000000e+00
ID0 1.12199133e+00 -3.66113261e-01 1.74209195e+00 1.59132731e-01 0.00000000e+00 0.00000000e+00
ID0 1.10521220e+00 -3.66448292e-01 1.74936353e+00 1.58359702e-01 0.00000000e+00 0.00000000e+00
ID0 1.08841879e+00 -3.66738172e-01 1.75660207e+00 1.57687219e-01 0.00000000e+00 0.00000000e+00
ID0 1.07161299e+00 -3.66990275e-01 1.76381180e+00 1.57099598e-01 0.00000000e+00 0.00000000e+00
ID0 1.05479640e+00 -3.67210080e-01 1.77099633e+00 1.56585129e-01 0.00000000e+00 0.00000000e+00
ID0 1.03797038e+00 -3.67402523e-01 1.77815875e+00 1.56133059e-01 0.00000000e+00 0.00000000e+00
ID0 1.02113610e+00 -3.67571358e-01 1.78530174e+00 1.55735167e-01 0.00000000e+00 0.00000000e+00
ID0 1.00429456e+00 -3.67720096e-01 1.79242759e+00 1.55383645e-01 0.00000000e+00 0.00000000e+00
ID0 9.87446615e-01 -3.67851428e-01 1.79953828e+00 1.55072477e-01 0.00000000e+00 0.00000000e+00
ID0 9.70593001e-01 -3.67967957e-01 1.80663553e+00 1.54795765e-01 0.00000000e+00 0.00000000e+00
ID0 9.53734352e-01 -3.68071621e-01 1.81372081e+00 1.54549111e-01 0.00000000e+00 0.00000000e+00
ID0 9.36871210e-01 -3.68164352e-01 1.82079539e+00 1.54328078e-01 0.00000000e+00 0.00000000e+00
ID0 9.20004042e-01 -3.68247664e-01 1.82786037e+00 1.54129180e-01 0.00000000e+00 0.00000000e+00
ID0 9.03133245e-01 -3.68323008e-01 1.83491667e+00 1.53949041e-01 0.00000000e+00 0.00000000e+00
ID0 8.86259156e-01 -3.68391584e-01 1.84196510e+00 1.53784870e-01 0.00000000e+00 0.00000000e+00
ID0 8.69382059e-01 -3.68454546e-01 1.84900633e+00 1.53633958e-01 0.00000000e+00 0.00000000e+00
ID0 8.52502187e-01 -3.68512870e-01 1.85604089e+00 1.53494008e-01 0.00000000e+00 0.00000000e+00
ID0 8.35619731e-01 -3.68567501e-01 1.86306926e+00 1.53362782e-01 0.00000000e+00 0.00000000e+00
ID0 8.18734841e-01 -3.68619307e-01 1.87009178e+00 1.53238222e-01 0.00000000e+00 0.00000000e+00
ID0 8.01847627e-01 -3.68669072e-01 1.87710870e+00 1.53118454e-01 0.00000000e+00 0.00000000e+00
ID0 7.84958164e-01 -3.68717616e-01 1.88412021e+00 1.53001521e-01 0.00000000e+00 0.00000000e+00
ID0 7.68066492e-01 -3.68765689e-01 1.89112640e+00 1.52885618e-01 0.00000000e+00 0.00000000e+00
ID0 7.51172612e-01 -3.68814096e-01 1.89812726e+00 1.52768807e-01 0.00000000e+00 0.00000000e+00
ID0 7.34276494e-01 -3.68863573e-01 1.90512272e+00 1.52649306e-01 0.00000000e+00 0.00000000e+00
ID0 7.17378068e-01 -3.68914959e-01 1.91211260e+00 1.52525077e-01 0.00000000e+00 0.00000000e+00
ID0 7.00477231e-01 -3.68969037e-01 1.91909665e+00 1.52394212e-01 0.00000000e+00 0.00000000e+00
ID0 6.83573835e-01 -3.69026806e-01 1.92607450e+00 1.52254269e-01 0.00000000e+00 0.00000000e+00
ID0 6.66667689e-01 -3.69089301e-01 1.93304569e+00 1.52102708e-01 0.00000000e+00 0.00000000e+00
ID0 6.49758547e-01 -3.69157892e-01 1.94000961e+00 1.51936160e-01 0.00000000e+00 0.00000000e+00
ID0 6.32846092e-01 -3.69234190e-01 1.94696548e+00 1.51750646e-01 0.00000000e+00 0.00000000e+00
ID0 6.15929932e-01 -3.69319953e-01 1.95391233e+00 1.51541804e-01 0.00000000e+00 0.00000000e+00
ID0 5.99009597e-01 -3.69416713e-01 1.96084901e+00 1.51305778e-01 0.00000000e+00 0.00000000e+00
ID0 5.82084553e-01 -3.69525725e-01 1.96777419e+00 1.51039347e-01 0.00000000e+00 0.00000000e+00
ID0 5.65154210e-01 -3.69648280e-01 1.97468641e+00 1.50739162e-01 0.00000000e+00 0.00000000e+00
ID0 5.48217914e-01 -3.69786008e-01 1.98158402e+00 1.50400978e-01 0.00000000e+00 0.00000000e+00
ID0 5.31274918e-01 -3.69941184e-01 1.98846516e+00 1.50018886e-01 0.00000000e+00 0.00000000e+00
ID0 5.14324365e-01 -3.70116421e-01 1.99532767e+00 1.49586031e-01 0.00000000e+00 0.00000000e+00
ID0 4.97365261e-01 -3.70315105e-01 2.00216901e+00 1.49093490e-01 0.00000000e+00 0.00000000e+00
ID0 4.80396451e-01 -3.70540942e-01 2.00898624e+00 1.48531330e-01 0.00000000e+00 0.00000000e+00
ID0 4.63416581e-01 -3.70798773e-01 2.01577588e+00 1.47886497e-01 0.00000000e+00 0.00000000e+00
ID0 4.46424069e-01 -3.71093935e-01 2.02253381e+00 1.47144275e-01 0.00000000e+00 0.00000000e+00
ID0 4.29417045e-01 -3.71433622e-01 2.02925514e+00 1.46284689e-01 0.00000000e+00 0.00000000e+00
ID0 4.12393293e-01 -3.71825921e-01 2.03593398e+00 1.45284653e-01 0.00000000e+00 0.00000000e+00
ID0 3.95350146e-01 -3.72282316e-01 2.04256317e+00 1.44111149e-01 0.00000000e+00 0.00000000e+00
ID0 3.78284383e-01 -3.72816203e-01 2.04913390e+00 1.42724296e-01 0.00000000e+00 0.00000000e+00
ID0 3.61192013e-01 -3.73447486e-01 2.05563510e+00 1.41064246e-01 0.00000000e+00 0.00000000e+00
ID0 3.44068028e-01 -3.74202172e-01 2.06205255e+00 1.39049920e-01 0.00000000e+00 0.00000000e+00
ID0 3.26905909e-01 -3.75119169e-01 2.06836727e+00 1.36556782e-01 0.00000000e+00 0.00000000e+00
ID0 3.09697157e-01 -3.76248661e-01 2.07455372e+00 1.33413234e-01 0.00000000e+00 0.00000000e+00
ID0 2.92430640e-01 -3.77648671e-01 2.08057696e+00 1.29397168e-01 0.00000000e+00 0.00000000e+00
ID0 2.75093124e-01 -3.79349605e-01 2.08639253e+00 1.24322254e-01 0.00000000e+00 0.00000000e+00
ID0 2.57671336e-01 -3.81315346e-01 2.09195033e+00 1.18155629e-01 0.00000000e+00 0.00000000e+00
ID0 2.40155438e-01 -3.83435086e-01 2.09720381e+00 1.11084116e-01 0.00000000e+00 0.00000000e+00
ID0 2.22541483e-01 -3.85576572e-01 2.10211835e+00 1.03406253e-01 0.00000000e+00 0.00000000e+00
ID0 2.04831028e-01 -3.87634843e-01 2.10667280e+00 9.54011241e-02 0.00000000e+00 0.00000000e+00
ID0 1.87029278e-01 -3.89556756e-01 2.11085617e+00 8.72220166e-02 0.00000000e+00 0.00000000e+00
ID0 1.69143105e-01 -3.91318362e-01 2.11466242e+00 7.89435595e-02 0.00000000e+00 0.00000000e+00
ID0 1.51180092e-01 -3.92910454e-01 2.11808774e+00 7.05940624e-02 0.00000000e+00 0.00000000e+00
ID0 1.33148133e-01 -3.94327949e-01 2.12112928e+00 6.21901487e-02 0.00000000e+00 0.00000000e+00
ID0 1.15055294e-01 -3.95568017e-01 2.12378478e+00 5.37409561e-02 0.00000000e+00 0.00000000e+00
ID0 9.69097540e-02 -3.96628558e-01 2.12605234e+00 4.52541002e-02 0.00000000e+00 0.00000000e+00
ID0 7.87197739e-02 -3.97508031e-01 2.12793038e+00 3.67356975e-02 0.00000000e+00 0.00000000e+00
ID0 6.04936773e-02 -3.98205213e-01 2.12941759e+00 2.81913904e-02 0.00000000e+00 0.00000000e+00
ID0 4.22398377e-02 -3.98719132e-01 2.13051290e+00 1.96265092e-02 0.00000000e+00 0.00000000e+00
ID0 2.39666685e-02 -3.99049028e-01 2.13121550e+00 1.10462593e-02 0.00000000e+00 0.00000000e+00
ID0 5.68261313e-03 -3.99194334e-01 2.13152478e+00 2.45557979e-03 0.00000000e+00 0.00000000e+00
ID0 -1.26038628e-02 -3.99154660e-01 2.13144039e+00 -6.14034004e-03 0.00000000e+00 0.00000000e+00
ID0 -3.08842803e-02 -3.98929812e-01 2.13096222e+00 -1.47360486e-02 0.00000000e+00 0.00000000e+00
ID0 -4.91501567e-02 -3.98519827e-01 2.13009040e+00 -2.33258093e-02 0.00000000e+00 0.00000000e+00
ID0 -6.73930170e-02 -3.97925021e-01 2.12882534e+00 -3.19033554e-02 0.00000000e+00 0.00000000e+00
ID0 -8.56044079e-02 -3.97146008e-01 2.12716776e+00 -4.04622616e-02 0.00000000e+00 0.00000000e+00
ID0 -1.03775910e-01 -3.96183643e-01 2.12511865e+00 -4.89966023e-02 0.00000000e+00 0.00000000e+00
ID0 -1.21899147e-01 -3.95039000e-01 2.12267926e+00 -5.75007347e-02 0.00000000e+00 0.00000000e+00
ID0 -1.39965802e-01 -3.93713580e-01 2.11985112e+00 -6.59678923e-02 0.00000000e+00 0.00000000e+00
ID0 -1.57967638e-01 -3.92209468e-01 2.11663610e+00 -7.43900479e-02 0.00000000e+00 0.00000000e+00
ID0 -1.75896544e-01 -3.90530299e-01 2.11303654e+00 -8.27540417e-02 0.00000000e+00 0.00000000e+00
ID0 -1.93744633e-01 -3.88682602e-01 2.10905554e+00 -9.10383496e-02 0.00000000e+00 0.00000000e+00
ID0 -2.11504504e-01 -3.86682738e-01 2.10469780e+00 -9.91897497e-02 0.00000000e+00 0.00000000e+00
ID0 -2.29169901e-01 -3.84567593e-01 2.09997157e+00 -1.07097678e-01 0.00000000e+00 0.00000000e+00
ID0 -2.46737333e-01 -3.82423244e-01 2.09489317e+00 -1.14519035e-01 0.00000000e+00 0.00000000e+00
ID0 -2.64208144e-01 -3.80373011e-01 2.08949155e+00 -1.21154939e-01 0.00000000e+00 0.00000000e+00
ID0 -2.81589824e-01 -3.78549429e-01 2.08380943e+00 -1.26737827e-01 0.00000000e+00 0.00000000e+00
ID0 -2.98894654e-01 -3.77022934e-01 2.07789722e+00 -1.31209201e-01 0.00000000e+00 0.00000000e+00
ID0 -3.16136345e-01 -3.75787585e-01 2.07180321e+00 -1.34706489e-01 0.00000000e+00 0.00000000e+00
ID0 -3.33327187e-01 -3.74791423e-01 2.06556713e+00 -1.37453762e-01 0.00000000e+00 0.00000000e+00
ID0 -3.50476718e-01 -3.73976449e-01 2.05921828e+00 -1.39655873e-01 0.00000000e+00 0.00000000e+00
ID0 -3.67592214e-01 -3.73298540e-01 2.05277822e+00 -1.41457935e-01 0.00000000e+00 0.00000000e+00
ID0 -3.84679172e-01 -3.72726655e-01 2.04626281e+00 -1.42957993e-01 0.00000000e+00 0.00000000e+00
ID0 -4.01741929e-01 -3.72238531e-01 2.03968426e+00 -1.44224212e-01 0.00000000e+00 0.00000000e+00
ID0 -4.18783938e-01 -3.71818811e-01 2.03305215e+00 -1.45302852e-01 0.00000000e+00 0.00000000e+00
ID0 -4.35808050e-01 -3.71455208e-01 2.02637422e+00 -1.46229872e-01 0.00000000e+00 0.00000000e+00
ID0 -4.52816614e-01 -3.71138814e-01 2.01965679e+00 -1.47031046e-01 0.00000000e+00 0.00000000e+00
ID0 -4.69811625e-01 -3.70862347e-01 2.01290514e+00 -1.47727001e-01 0.00000000e+00 0.00000000e+00
ID0 -4.86794776e-01 -3.70620189e-01 2.00612371e+00 -1.48333484e-01 0.00000000e+00 0.00000000e+00
ID0 -5.03767525e-01 -3.70407441e-01 1.99931629e+00 -1.48863949e-01 0.00000000e+00 0.00000000e+00
ID0 -5.20731126e-01 -3.70220186e-01 1.99248611e+00 -1.49329037e-01 0.00000000e+00 0.00000000e+00
ID0 -5.37686665e-01 -3.70054927e-01 1.98563593e+00 -1.49738101e-01 0.00000000e+00 0.00000000e+00
ID0 -5.54635082e-01 -3.69908771e-01 1.97876815e+00 -1.50098795e-01 0.00000000e+00 0.00000000e+00
ID0 -5.71577191e-01 -3.69779135e-01 1.97188483e+00 -1.50417881e-01 0.00000000e+00 0.00000000e+00
ID0 -5.88513696e-01 -3.69663792e-01 1.96498772e+00 -1.50701123e-01 0.00000000e+00 0.00000000e+00
ID0 -6.05445209e-01 -3.69560834e-01 1.95807837e+00 -1.50953427e-01 0.00000000e+00 0.00000000e+00
ID0 -6.22372255e-01 -3.69468557e-01 1.95115809e+00 -1.51179143e-01 0.00000000e+00 0.00000000e+00
ID0 -6.39295291e-01 -3.69385473e-01 1.94422800e+00 -1.51382032e-01 0.00000000e+00 0.00000000e+00
ID0 -6.56214705e-01 -3.69310227e-01 1.93728908e+00 -1.51565509e-01 0.00000000e+00 0.00000000e+00
ID0 -6.73130830e-01 -3.69241672e-01 1.93034214e+00 -1.51732445e-01 0.00000000e+00 0.00000000e+00
ID0 -6.90043945e-01 -3.69178672e-01 1.92338788e+00 -1.51885666e-01 0.00000000e+00 0.00000000e+00
ID0 -7.06954284e-01 -3.69120314e-01 1.91642687e+00 -1.52027436e-01 0.00000000e+00 0.00000000e+00
ID0 -7.23862037e-01 -3.69065627e-01 1.90945958e+00 -1.52160148e-01 0.00000000e+00 0.00000000e+00
ID0 -7.40767354e-01 -3.69013811e-01 1.90248638e+00 -1.52285767e-01 0.00000000e+00 0.00000000e+00
ID0 -7.57670347e-01 -3.68964036e-01 1.89550755e+00 -1.52406325e-01 0.00000000e+00 0.00000000e+00
ID0 -7.74571093e-01 -3.68915554e-01 1.88852328e+00 -1.52523643e-01 0.00000000e+00 0.00000000e+00
ID0 -7.91469632e-01 -3.68867560e-01 1.88153367e+00 -1.52639676e-01 0.00000000e+00 0.00000000e+00
ID0 -8.08365969e-01 -3.68819310e-01 1.87453874e+00 -1.52756224e-01 0.00000000e+00 0.00000000e+00
ID0 -8.25260075e-01 -3.68770010e-01 1.86753842e+00 -1.52875201e-01 0.00000000e+00 0.00000000e+00
ID0 -8.42151883e-01 -3.68718869e-01 1.86053256e+00 -1.52998506e-01 0.00000000e+00 0.00000000e+00
ID0 -8.59041292e-01 -3.68665066e-01 1.85352092e+00 -1.53128105e-01 0.00000000e+00 0.00000000e+00
ID0 -8.75928156e-01 -3.68607625e-01 1.84650315e+00 -1.53266324e-01 0.00000000e+00 0.00000000e+00
ID0 -8.92812286e-01 -3.68545504e-01 1.83947881e+00 -1.53415641e-01 0.00000000e+00 0.00000000e+00
ID0 -9.09693437e-01 -3.68477323e-01 1.83244731e+00 -1.53579329e-01 0.00000000e+00 0.00000000e+00
ID0 -9.26571297e-01 -3.68401511e-01 1.82540792e+00 -1.53761094e-01 0.00000000e+00 0.00000000e+00
ID0 -9.43445472e-01 -3.68316128e-01 1.81835969e+00 -1.53965506e-01 0.00000000e+00 0.00000000e+00
ID0 -9.60315486e-01 -3.68219602e-01 1.81130151e+00 -1.54196212e-01 0.00000000e+00 0.00000000e+00
ID0 -9.77180793e-01 -3.68110404e-01 1.80423210e+00 -1.54456718e-01 0.00000000e+00 0.00000000e+00
ID0 -9.94040784e-01 -3.67987219e-01 1.79715001e+00 -1.54749972e-01 0.00000000e+00 0.00000000e+00
ID0 -1.01089478e+00 -3.67848163e-01 1.79005366e+00 -1.55080227e-01 0.00000000e+00 0.00000000e+00
ID0 -1.02774199e+00 -3.67690922e-01 1.78294124e+00 -1.55452673e-01 0.00000000e+00 0.00000000e+00
ID0 -1.04458153e+00 -3.67512393e-01 1.77581066e+00 -1.55874271e-01 0.00000000e+00 0.00000000e+00
ID0 -1.06141234e+00 -3.67309027e-01 1.76865949e+00 -1.56352891e-01 0.00000000e+00 0.00000000e+00
ID0 -1.07823317e+00 -3.67076255e-01 1.76148491e+00 -1.56898599e-01 0.00000000e+00 0.00000000e+00
ID0 -1.09504257e+00 -3.66808815e-01 1.75428357e+00 -1.57522826e-01 0.00000000e+00 0.00000000e+00
ID0 -1.11183880e+00 -3.66499866e-01 1.74705157e+00 -1.58240310e-01 0.00000000e+00 0.00000000e+00
ID0 -1.12861977e+00 -3.66141239e-01 1.73978424e+00 -1.59068353e-01 0.00000000e+00 0.00000000e+00
ID0 -1.14538298e+00 -3.65722072e-01 1.73247603e+00 -1.60029728e-01 0.00000000e+00 0.00000000e+00
ID0 -1.16212534e+00 -3.65228713e-01 1.72512019e+00 -1.61152520e-01 0.00000000e+00 0.00000000e+00
ID0 -1.17884305e+00 -3.64642111e-01 1.71770852e+00 -1.62475470e-01 0.00000000e+00 0.00000000e+00
ID0 -1.19553130e+00 -3.63937289e-01 1.71023074e+00 -1.64048154e-01 0.00000000e+00 0.00000000e+00
ID0 -1.21218384e+00 -3.63075319e-01 1.70267379e+00 -1.65947162e-01 0.00000000e+00 0.00000000e+00
ID0 -1.22879232e+00 -3.62002769e-01 1.69502052e+00 -1.68274010e-01 0.00000000e+00 0.00000000e+00
ID0 -1.24534526e+00 -3.60633956e-01 1.68724791e+00 -1.71187900e-01 0.00000000e+00 0.00000000e+00
ID0 -1.26182673e+00 -3.58862351e-01 1.67932494e+00 -1.74871268e-01 0.00000000e+00 0.00000000e+00
ID0 -1.27821543e+00 -3.56567379e-01 1.67121193e+00 -1.79504462e-01 0.00000000e+00 0.00000000e+00
ID0 -1.29448569e+00 -3.53688088e-01 1.66286405e+00 -1.85113166e-01 0.00000000e+00 0.00000000e+00
ID0 -1.31061129e+00 -3.50265340e-01 1.65424017e+00 -1.91510677e-01 0.00000000e+00 0.00000000e+00
ID0 -1.32656958e+00 -3.46406793e-01 1.64531062e+00 -1.98404844e-01 0.00000000e+00 0.00000000e+00
ID0 -1.34234373e+00 -3.42242096e-01 1.63605969e+00 -2.05505463e-01 0.00000000e+00 0.00000000e+00
ID0 -1.35792164e+00 -3.37849582e-01 1.62648203e+00 -2.12649495e-01 0.00000000e+00 0.00000000e+00
ID0 -1.37329396e+00 -3.33269514e-01 1.61657775e+00 -2.19758001e-01 0.00000000e+00 0.00000000e+00
ID0 -1.38845249e+00 -3.28517838e-01 1.60634928e+00 -2.26799864e-01 0.00000000e+00 0.00000000e+00
ID0 -1.40338959e+00 -3.23603121e-01 1.59580009e+00 -2.33758782e-01 0.00000000e+00 0.00000000e+00
ID0 -1.41809792e+00 -3.18530355e-01 1.58493420e+00 -2.40625354e-01 0.00000000e+00 0.00000000e+00
ID0 -1.43257033e+00 -3.13303386e-01 1.57375601e+00 -2.47392676e-01 0.00000000e+00 0.00000000e+00
ID0 -1.44679982e+00 -3.07925621e-01 1.56227020e+00 -2.54055034e-01 0.00000000e+00 0.00000000e+00
ID0 -1.46077958e+00 -3.02400121e-01 1.55048169e+00 -2.60607588e-01 0.00000000e+00 0.00000000e+00
ID0 -1.47450289e+00 -2.96730025e-01 1.53839562e+00 -2.67045764e-01 0.00000000e+00 0.00000000e+00
ID0 -1.48796321e+00 -2.90918423e-01 1.52601732e+00 -2.73365358e-01 0.00000000e+00 0.00000000e+00
ID0 -1.50115412e+00 -2.84968452e-01 1.51335233e+00 -2.79562389e-01 0.00000000e+00 0.00000000e+00
ID0 -1.51406936e+00 -2.78883376e-01 1.50040633e+00 -2.85633000e-01 0.00000000e+00 0.00000000e+00
ID0 -1.52670283e+00 -2.72666946e-01 1.48718522e+00 -2.91573120e-01 0.00000000e+00 0.00000000e+00
ID0 -1.53904859e+00 -2.66323070e-01 1.47369506e+00 -2.97378833e-01 0.00000000e+00 0.00000000e+00
ID0 -1.55110092e+00 -2.59856423e-01 1.45994210e+00 -3.03045850e-01 0.00000000e+00 0.00000000e+00
ID0 -1.56285430e+00 -2.53271867e-01 1.44593281e+00 -3.08570104e-01 0.00000000e+00 0.00000000e+00
ID0 -1.57430344e+00 -2.46574316e-01 1.43167379e+00 -3.13947854e-01 0.00000000e+00 0.00000000e+00
ID0 -1.58544327e+00 -2.39768413e-01 1.41717184e+00 -3.19175901e-01 0.00000000e+00 0.00000000e+00
ID0 -1.59626895e+00 -2.32859805e-01 1.40243390e+00 -3.24250612e-01 0.00000000e+00 0.00000000e+00
ID0 -1.60677593e+00 -2.25855391e-01 1.38746708e+00 -3.29167876e-01 0.00000000e+00 0.00000000e+00
ID0 -1.61696005e+00 -2.18765748e-01 1.37227871e+00 -3.33921690e-01 0.00000000e+00 0.00000000e+00
ID0 -1.62681777e+00 -2.11609916e-01 1.35687651e+00 -3.38501686e-01 0.00000000e+00 0.00000000e+00
ID0 -1.63634689e+00 -2.04427697e-01 1.34126886e+00 -3.42886956e-01 0.00000000e+00 0.00000000e+00
ID0 -1.64554803e+00 -1.97317161e-01 1.32546562e+00 -3.47027501e-01 0.00000000e+00 0.00000000e+00
ID0 -1.65442874e+00 -1.90477572e-01 1.30948008e+00 -3.50828224e-01 0.00000000e+00 0.00000000e+00
ID0 -1.66300807e+00 -1.84216943e-01 1.29333073e+00 -3.54155709e-01 0.00000000e+00 0.00000000e+00
ID0 -1.67131955e+00 -1.78819862e-01 1.27704183e+00 -3.56911201e-01 0.00000000e+00 0.00000000e+00
ID0 -1.67940653e+00 -1.74418340e-01 1.26064025e+00 -3.59082708e-01 0.00000000e+00 0.00000000e+00
ID0 -1.68731366e+00 -1.70943360e-01 1.24415117e+00 -3.60749937e-01 0.00000000e+00 0.00000000e+00
ID0 -1.69507903e+00 -1.68194201e-01 1.22759482e+00 -3.62039859e-01 0.00000000e+00 0.00000000e+00
ID0 -1.70273162e+00 -1.65991325e-01 1.21098602e+00 -3.63055132e-01 0.00000000e+00 0.00000000e+00
ID0 -1.71029276e+00 -1.64182203e-01 1.19433538e+00 -3.63876838e-01 0.00000000e+00 0.00000000e+00
ID0 -1.71777828e+00 -1.62676339e-01 1.17765061e+00 -3.64552545e-01 0.00000000e+00 0.00000000e+00
ID0 -1.72520034e+00 -1.61402413e-01 1.16093750e+00 -3.65118351e-01 0.00000000e+00 0.00000000e+00
ID0 -1.73256851e+00 -1.60316466e-01 1.14420056e+00 -3.65596471e-01 0.00000000e+00 0.00000000e+00
ID0 -1.73989050e+00 -1.59381731e-01 1.12744337e+00 -3.66004936e-01 0.00000000e+00 0.00000000e+00
ID0 -1.74717266e+00 -1.58573253e-01 1.11066883e+00 -3.66355937e-01 0.00000000e+00 0.00000000e+00
ID0 -1.75442025e+00 -1.57870010e-01 1.09387932e+00 -3.66659527e-01 0.00000000e+00 0.00000000e+00
ID0 -1.76163776e+00 -1.57256779e-01 1.07707685e+00 -3.66922954e-01 0.00000000e+00 0.00000000e+00
ID0 -1.76882896e+00 -1.56719819e-01 1.06026312e+00 -3.67152621e-01 0.00000000e+00 0.00000000e+00
ID0 -1.77599711e+00 -1.56248871e-01 1.04343954e+00 -3.67353290e-01 0.00000000e+00 0.00000000e+00
ID0 -1.78314501e+00 -1.55834268e-01 1.02660734e+00 -3.67529360e-01 0.00000000e+00 0.00000000e+00
ID0 -1.79027507e+00 -1.55468699e-01 1.00976759e+00 -3.67684148e-01 0.00000000e+00 0.00000000e+00
ID0 -1.79738937e+00 -1.55145059e-01 9.92921162e-01 -3.67820826e-01 0.00000000e+00 0.00000000e+00
ID0 -1.80448970e+00 -1.54857912e-01 9.76068845e-01 -3.67941811e-01 0.00000000e+00 0.00000000e+00
ID0 -1.81157760e+00 -1.54601958e-01 9.59211301e-01 -3.68049431e-01 0.00000000e+00 0.00000000e+00
ID0 -1.81865442e+00 -1.54373161e-01 9.42349098e-01 -3.68145455e-01 0.00000000e+00 0.00000000e+00
ID0 -1.82572130e+00 -1.54167448e-01 9.25482728e-01 -3.68231649e-01 0.00000000e+00 0.00000000e+00
ID0 -1.83277923e+00 -1.53981622e-01 9.08612608e-01 -3.68309393e-01 0.00000000e+00 0.00000000e+00
ID0 -1.83982904e+00 -1.53812577e-01 8.91739095e-01 -3.68380022e-01 0.00000000e+00 0.00000000e+00
ID0 -1.84687143e+00 -1.53657664e-01 8.74862487e-01 -3.68444665e-01 0.00000000e+00 0.00000000e+00
ID0 -1.85390701e+00 -1.53514415e-01 8.57983035e-01 -3.68504374e-01 0.00000000e+00 0.00000000e+00
ID0 -1.86093625e+00 -1.53380595e-01 8.41100942e-01 -3.68560093e-01 0.00000000e+00 0.00000000e+00
ID0 -1.86795953e+00 -1.53254099e-01 8.24216372e-01 -3.68612711e-01 0.00000000e+00 0.00000000e+00
ID0 -1.87497715e+00 -1.53132960e-01 8.07329446e-01 -3.68663052e-01 0.00000000e+00 0.00000000e+00
ID0 -1.88198931e+00 -1.53015334e-01 7.90440252e-01 -3.68711888e-01 0.00000000e+00 0.00000000e+00
ID0 -1.88899612e+00 -1.52899252e-01 7.73548839e-01 -3.68760041e-01 0.00000000e+00 0.00000000e+00
ID0 -1.89599762e+00 -1.52782963e-01 7.56655222e-01 -3.68808236e-01 0.00000000e+00 0.00000000e+00
ID0 -1.90299375e+00 -1.52664471e-01 7.39759381e-01 -3.68857301e-01 0.00000000e+00 0.00000000e+00
ID0 -1.90998436e+00 -1.52541991e-01 7.22861258e-01 -3.68907970e-01 0.00000000e+00 0.00000000e+00
ID0 -1.91696923e+00 -1.52413439e-01 7.05960761e-01 -3.68961099e-01 0.00000000e+00 0.00000000e+00
ID0 -1.92394804e+00 -1.52276695e-01 6.89057757e-01 -3.69017557e-01 0.00000000e+00 0.00000000e+00
ID0 -1.93092034e+00 -1.52129133e-01 6.72152071e-01 -3.69078415e-01 0.00000000e+00 0.00000000e+00
ID0 -1.93788558e+00 -1.51967815e-01 6.55243474e-01 -3.69144866e-01 0.00000000e+00 0.00000000e+00
ID0 -1.94484305e+00 -1.51788840e-01 6.38331676e-01 -3.69218495e-01 0.00000000e+00 0.00000000e+00
ID0 -1.95179183e+00 -1.51587935e-01 6.21416306e-01 -3.69301025e-01 0.00000000e+00 0.00000000e+00
ID0 -1.95873082e+00 -1.51361046e-01 6.04496922e-01 -3.69394075e-01 0.00000000e+00 0.00000000e+00
ID0 -1.96565876e+00 -1.51104718e-01 5.87573007e-01 -3.69499003e-01 0.00000000e+00 0.00000000e+00
ID0 -1.97257423e+00 -1.50815848e-01 5.70643991e-01 -3.69617003e-01 0.00000000e+00 0.00000000e+00
ID0 -1.97947564e+00 -1.50490401e-01 5.53709241e-01 -3.69749629e-01 0.00000000e+00 0.00000000e+00
ID0 -1.98636121e+00 -1.50123235e-01 5.36768045e-01 -3.69898856e-01 0.00000000e+00 0.00000000e+00
ID0 -1.99322888e+00 -1.49707461e-01 5.19819582e-01 -3.70067325e-01 0.00000000e+00 0.00000000e+00
ID0 -2.00007624e+00 -1.49235326e-01 5.02862908e-01 -3.70257973e-01 0.00000000e+00 0.00000000e+00
ID0 -2.00690049e+00 -1.48696630e-01 4.85896918e-01 -3.70474643e-01 0.00000000e+00 0.00000000e+00
ID0 -2.01369833e+00 -1.48080188e-01 4.68920331e-01 -3.70721468e-01 0.00000000e+00 0.00000000e+00
ID0 -2.02046587e+00 -1.47370900e-01 4.51931641e-01 -3.71003999e-01 0.00000000e+00 0.00000000e+00
ID0 -2.02719848e+00 -1.46551843e-01 4.34929080e-01 -3.71328300e-01 0.00000000e+00 0.00000000e+00
ID0 -2.03389061e+00 -1.45599589e-01 4.17910548e-01 -3.71702716e-01 0.00000000e+00 0.00000000e+00
ID0 -2.04053557e+00 -1.44486576e-01 4.00873543e-01 -3.72136774e-01 0.00000000e+00 0.00000000e+00
ID0 -2.04712511e+00 -1.43173033e-01 3.83815029e-01 -3.72644109e-01 0.00000000e+00 0.00000000e+00
ID0 -2.05364900e+00 -1.41609679e-01 3.66731305e-01 -3.73241005e-01 0.00000000e+00 0.00000000e+00
ID0 -2.06009411e+00 -1.39719555e-01 3.49617711e-01 -3.73952664e-01 0.00000000e+00 0.00000000e+00
ID0 -2.06644328e+00 -1.37398233e-01 3.32468303e-01 -3.74811786e-01 0.00000000e+00 0.00000000e+00
ID0 -2.07267323e+00 -1.34485829e-01 3.15275243e-01 -3.75866613e-01 0.00000000e+00 0.00000000e+00
ID0 -2.07875244e+00 -1.30776065e-01 2.98028336e-01 -3.77173395e-01 0.00000000e+00 0.00000000e+00
ID0 -2.08463917e+00 -1.26055382e-01 2.80714835e-01 -3.78777230e-01 0.00000000e+00 0.00000000e+00
ID0 -2.09028436e+00 -1.20231528e-01 2.63321142e-01 -3.80665902e-01 0.00000000e+00 0.00000000e+00
ID0 -2.09563933e+00 -1.13418821e-01 2.45835990e-01 -3.82750990e-01 0.00000000e+00 0.00000000e+00
ID0 -2.10066487e+00 -1.05905262e-01 2.28253370e-01 -3.84897681e-01 0.00000000e+00 0.00000000e+00
ID0 -2.10533590e+00 -9.79807098e-02 2.10573296e-01 -3.86990865e-01 0.00000000e+00 0.00000000e+00
ID0 -2.10963858e+00 -8.98477113e-02 1.92800004e-01 -3.88959559e-01 0.00000000e+00 0.00000000e+00
ID0 -2.11356577e+00 -8.15964005e-02 1.74939995e-01 -3.90773818e-01 0.00000000e+00 0.00000000e+00
ID0 -2.11711311e+00 -7.32678298e-02 1.57000679e-01 -3.92420660e-01 0.00000000e+00 0.00000000e+00
ID0 -2.12027752e+00 -6.48800962e-02 1.38989875e-01 -3.93894304e-01 0.00000000e+00 0.00000000e+00
ID0 -2.12305656e+00 -5.64447015e-02 1.20915600e-01 -3.95191277e-01 0.00000000e+00 0.00000000e+00
ID0 -2.12544825e+00 -4.79692208e-02 1.02786002e-01 -3.96309353e-01 0.00000000e+00 0.00000000e+00
ID0 -2.12745090e+00 -3.94604189e-02 8.46093183e-02 -3.97246806e-01 0.00000000e+00 0.00000000e+00
ID0 -2.12906311e+00 -3.09238958e-02 6.63938529e-02 -3.98002339e-01 0.00000000e+00 0.00000000e+00
ID0 -2.13028374e+00 -2.23651493e-02 4.81479646e-02 -3.98574898e-01 0.00000000e+00 0.00000000e+00
ID0 -2.13111190e+00 -1.37893817e-02 2.98800550e-02 -3.98963661e-01 0.00000000e+00 0.00000000e+00
ID0 -2.13154691e+00 -5.20162236e-03 1.15985587e-02 -3.99168000e-01 0.00000000e+00 0.00000000e+00
ID0 -2.13158835e+00 3.39308861e-03 -6.68806522e-03 -3.99187470e-01 0.00000000e+00 0.00000000e+00
ID0 -2.13123602e+00 1.19893517e-02 -2.49713413e-02 -3.99021810e-01 0.00000000e+00 0.00000000e+00
ID0 -2.13048997e+00 2.05815514e-02 -4.32427872e-02 -3.98670979e-01 0.00000000e+00 0.00000000e+00
ID0 -2.12935054e+00 2.91636223e-02 -6.14939242e-02 -3.98135194e-01 0.00000000e+00 0.00000000e+00
ID0 -2.12781832e+00 3.77290663e-02 -7.97162905e-02 -3.97414981e-01 0.00000000e+00 0.00000000e+00
ID0 -2.12589422e+00 4.62718060e-02 -9.79014551e-02 -3.96511121e-01 0.00000000e+00 0.00000000e+00
ID0 -2.12357942e+00 5.47861706e-02 -1.16041027e-01 -3.95424614e-01 0.00000000e+00 0.00000000e+00
ID0 -2.12087536e+00 6.32659718e-02 -1.34126668e-01 -3.94156779e-01 0.00000000e+00 0.00000000e+00
ID0 -2.11778377e+00 7.17034428e-02 -1.52150112e-01 -3.92709518e-01 0.00000000e+00 0.00000000e+00
ID0 -2.11430683e+00 8.00882996e-02 -1.70103200e-01 -3.91085686e-01 0.00000000e+00 0.00000000e+00
ID0 -2.11044735e+00 8.84005887e-02 -1.87977960e-01 -3.89291003e-01 0.00000000e+00 0.00000000e+00
ID0 -2.10620934e+00 9.66058482e-02 -2.05766777e-01 -3.87336365e-01 0.00000000e+00 0.00000000e+00
ID0 -2.10159960e+00 1.04607163e-01 -2.23462925e-01 -3.85252503e-01 0.00000000e+00 0.00000000e+00
ID0 -2.09663116e+00 1.12224526e-01 -2.41061755e-01 -3.83102866e-01 0.00000000e+00 0.00000000e+00
ID0 -2.09132854e+00 1.19145195e-01 -2.58562849e-01 -3.81007313e-01 0.00000000e+00 0.00000000e+00
ID0 -2.08573034e+00 1.25088257e-01 -2.75971713e-01 -3.79097716e-01 0.00000000e+00 0.00000000e+00
ID0 -2.07988541e+00 1.29913959e-01 -2.93299365e-01 -3.77471209e-01 0.00000000e+00 0.00000000e+00
ID0 -2.07384383e+00 1.33702976e-01 -3.10559488e-01 -3.76145803e-01 0.00000000e+00 0.00000000e+00
ID0 -2.06764836e+00 1.36669059e-01 -3.27765000e-01 -3.75078284e-01 0.00000000e+00 0.00000000e+00
ID0 -2.06133171e+00 1.39029224e-01 -3.44926412e-01 -3.74209868e-01 0.00000000e+00 0.00000000e+00
ID0 -2.05491751e+00 1.40948199e-01 -3.62051614e-01 -3.73491306e-01 0.00000000e+00 0.00000000e+00
ID0 -2.04842333e+00 1.42537758e-01 -3.79146655e-01 -3.72887568e-01 0.00000000e+00 0.00000000e+00
ID0 -2.04186236e+00 1.43873642e-01 -3.96216177e-01 -3.72374174e-01 0.00000000e+00 0.00000000e+00
ID0 -2.03524497e+00 1.45009016e-01 -4.13263910e-01 -3.71933510e-01 0.00000000e+00 0.00000000e+00
ID0 -2.02857942e+00 1.45981767e-01 -4.30292868e-01 -3.71552788e-01 0.00000000e+00 0.00000000e+00
ID0 -2.02187245e+00 1.46821465e-01 -4.47305561e-01 -3.71221777e-01 0.00000000e+00 0.00000000e+00
ID0 -2.01512965e+00 1.47549506e-01 -4.64304081e-01 -3.70933005e-01 0.00000000e+00 0.00000000e+00
ID0 -2.00835570e+00 1.48183540e-01 -4.81290220e-01 -3.70680171e-01 0.00000000e+00 0.00000000e+00
ID0 -2.00155460e+00 1.48737317e-01 -4.98265502e-01 -3.70458313e-01 0.00000000e+00 0.00000000e+00
ID0 -1.99472974e+00 1.49222584e-01 -5.15231248e-01 -3.70263111e-01 0.00000000e+00 0.00000000e+00
ID0 -1.98788404e+00 1.49648882e-01 -5.32188592e-01 -3.70091020e-01 0.00000000e+00 0.00000000e+00
ID0 -1.98102000e+00 1.50024510e-01 -5.49138523e-01 -3.69938910e-01 0.00000000e+00 0.00000000e+00
ID0 -1.97413977e+00 1.50356413e-01 -5.66081891e-01 -3.69804137e-01 0.00000000e+00 0.00000000e+00
ID0 -1.96724523e+00 1.50650695e-01 -5.83019439e-01 -3.69684350e-01 0.00000000e+00 0.00000000e+00
ID0 -1.96033796e+00 1.50912566e-01 -5.99951802e-01 -3.69577527e-01 0.00000000e+00 0.00000000e+00
ID0 -1.95341936e+00 1.51146437e-01 -6.16879536e-01 -3.69481942e-01 0.00000000e+00 0.00000000e+00
ID0 -1.94649061e+00 1.51356379e-01 -6.33803117e-01 -3.69395990e-01 0.00000000e+00 0.00000000e+00
ID0 -1.93955272e+00 1.51545776e-01 -6.50722956e-01 -3.69318330e-01 0.00000000e+00 0.00000000e+00
ID0 -1.93260656e+00 1.51717810e-01 -6.67639402e-01 -3.69247690e-01 0.00000000e+00 0.00000000e+00
ID0 -1.92565287e+00 1.51875156e-01 -6.84552753e-01 -3.69183000e-01 0.00000000e+00 0.00000000e+00
ID0 -1.91869226e+00 1.52020439e-01 -7.01463257e-01 -3.69123200e-01 0.00000000e+00 0.00000000e+00
ID0 -1.91172523e+00 1.52155799e-01 -7.18371116e-01 -3.69067424e-01 0.00000000e+00 0.00000000e+00
ID0 -1.90475218e+00 1.52283536e-01 -7.35276494e-01 -3.69014736e-01 0.00000000e+00 0.00000000e+00
ID0 -1.89777341e+00 1.52405498e-01 -7.52179516e-01 -3.68964381e-01 0.00000000e+00 0.00000000e+00
ID0 -1.89078916e+00 1.52523674e-01 -7.69080268e-01 -3.68915545e-01 0.00000000e+00 0.00000000e+00
ID0 -1.88379954e+00 1.52639903e-01 -7.85978803e-01 -3.68867470e-01 0.00000000e+00 0.00000000e+00
ID0 -1.87680461e+00 1.52756081e-01 -8.02875139e-01 -3.68819374e-01 0.00000000e+00 0.00000000e+00
ID0 -1.86980432e+00 1.52874057e-01 -8.19769256e-01 -3.68770489e-01 0.00000000e+00 0.00000000e+00
ID0 -1.86279855e+00 1.52995729e-01 -8.36661101e-01 -3.68720026e-01 0.00000000e+00 0.00000000e+00
ID0 -1.85578708e+00 1.53123064e-01 -8.53550583e-01 -3.68667164e-01 0.00000000e+00 0.00000000e+00
ID0 -1.84876961e+00 1.53258177e-01 -8.70437572e-01 -3.68611017e-01 0.00000000e+00 0.00000000e+00
ID0 -1.84174573e+00 1.53403621e-01 -8.87321892e-01 -3.68550512e-01 0.00000000e+00 0.00000000e+00
ID0 -1.83471489e+00 1.53562158e-01 -9.04203320e-01 -3.68484483e-01 0.00000000e+00 0.00000000e+00
ID0 -1.82767642e+00 1.53737673e-01 -9.21081566e-01 -3.68411290e-01 0.00000000e+00 0.00000000e+00
ID0 -1.82062945e+00 1.53934150e-01 -9.37956263e-01 -3.68329239e-01 0.00000000e+00 0.00000000e+00
ID0 -1.81357291e+00 1.54155996e-01 -9.54826961e-01 -3.68236445e-01 0.00000000e+00 0.00000000e+00
ID0 -1.80650556e+00 1.54406429e-01 -9.71693136e-01 -3.68131506e-01 0.00000000e+00 0.00000000e+00
ID0 -1.79942602e+00 1.54688721e-01 -9.88554198e-01 -3.68012976e-01 0.00000000e+00 0.00000000e+00
ID0 -1.79233276e+00 1.55006350e-01 -1.00540949e+00 -3.67879304e-01 0.00000000e+00 0.00000000e+00
ID0 -1.78522404e+00 1.55364487e-01 -1.02225827e+00 -3.67728197e-01 0.00000000e+00 0.00000000e+00
ID0 -1.77809788e+00 1.55769206e-01 -1.03909968e+00 -3.67556941e-01 0.00000000e+00 0.00000000e+00
ID0 -1.77095196e+00 1.56228396e-01 -1.05593271e+00 -3.67362000e-01 0.00000000e+00 0.00000000e+00
ID0 -1.76378359e+00 1.56751021e-01 -1.07275620e+00 -3.67139303e-01 0.00000000e+00 0.00000000e+00
ID0 -1.75658962e+00 1.57348404e-01 -1.08956875e+00 -3.66883674e-01 0.00000000e+00 0.00000000e+00
ID0 -1.74936632e+00 1.58033686e-01 -1.10636872e+00 -3.66589014e-01 0.00000000e+00 0.00000000e+00
ID0 -1.74210930e+00 1.58823777e-01 -1.12315416e+00 -3.66247401e-01 0.00000000e+00 0.00000000e+00
ID0 -1.73481331e+00 1.59738816e-01 -1.13992269e+00 -3.65849233e-01 0.00000000e+00 0.00000000e+00
ID0 -1.72747205e+00 1.60805820e-01 -1.15667144e+00 -3.65381498e-01 0.00000000e+00 0.00000000e+00
ID0 -1.72007779e+00 1.62058492e-01 -1.17339687e+00 -3.64827625e-01 0.00000000e+00 0.00000000e+00
ID0 -1.71262103e+00 1.63544084e-01 -1.19009452e+00 -3.64164088e-01 0.00000000e+00 0.00000000e+00
ID0 -1.70508972e+00 1.65325956e-01 -1.20675867e+00 -3.63358609e-01 0.00000000e+00 0.00000000e+00
ID0 -1.69746821e+00 1.67502141e-01 -1.22338175e+00 -3.62360571e-01 0.00000000e+00 0.00000000e+00
ID0 -1.68973559e+00 1.70202193e-01 -1.23995343e+00 -3.61100214e-01 0.00000000e+00 0.00000000e+00
ID0 -1.68186367e+00 1.73618327e-01 -1.25645935e+00 -3.59470204e-01 0.00000000e+00 0.00000000e+00
ID0 -1.67381536e+00 1.77929364e-01 -1.27287995e+00 -3.57355974e-01 0.00000000e+00 0.00000000e+00
ID0 -1.66554692e+00 1.83227622e-01 -1.28919074e+00 -3.54668562e-01 0.00000000e+00 0.00000000e+00
ID0 -1.65701481e+00 1.89405659e-01 -1.30536510e+00 -3.51408093e-01 0.00000000e+00 0.00000000e+00
ID0 -1.64818510e+00 1.96168896e-01 -1.32137887e+00 -3.47677890e-01 0.00000000e+00 0.00000000e+00
ID0 -1.63903773e+00 2.03228408e-01 -1.33721331e+00 -3.43599135e-01 0.00000000e+00 0.00000000e+00
ID0 -1.62956457e+00 2.10369267e-01 -1.35285499e+00 -3.39274111e-01 0.00000000e+00 0.00000000e+00
ID0 -1.61976442e+00 2.17493913e-01 -1.36829390e+00 -3.34751474e-01 0.00000000e+00 0.00000000e+00
ID0 -1.60963915e+00 2.24559154e-01 -1.38352156e+00 -3.30053537e-01 0.00000000e+00 0.00000000e+00
ID0 -1.59919198e+00 2.31545763e-01 -1.39853019e+00 -3.25190268e-01 0.00000000e+00 0.00000000e+00
ID0 -1.58842678e+00 2.38442645e-01 -1.41331238e+00 -3.20167544e-01 0.00000000e+00 0.00000000e+00
ID0 -1.57734784e+00 2.45242341e-01 -1.42786091e+00 -3.14989437e-01 0.00000000e+00 0.00000000e+00
ID0 -1.56595976e+00 2.51938812e-01 -1.44216874e+00 -3.09659468e-01 0.00000000e+00 0.00000000e+00
ID0 -1.55426739e+00 2.58526965e-01 -1.45622899e+00 -3.04180801e-01 0.00000000e+00 0.00000000e+00
ID0 -1.54227578e+00 2.65002212e-01 -1.47003493e+00 -2.98556492e-01 0.00000000e+00 0.00000000e+00
ID0 -1.52999023e+00 2.71360162e-01 -1.48357995e+00 -2.92789709e-01 0.00000000e+00 0.00000000e+00
ID0 -1.51741618e+00 2.77596839e-01 -1.49685759e+00 -2.86883507e-01 0.00000000e+00 0.00000000e+00
ID0 -1.50455929e+00 2.83708303e-01 -1.50986154e+00 -2.80841147e-01 0.00000000e+00 0.00000000e+00
ID0 -1.49142539e+00 2.89690640e-01 -1.52258564e+00 -2.74666132e-01 0.00000000e+00 0.00000000e+00
ID0 -1.47802047e+00 2.95539762e-01 -1.53502391e+00 -2.68362442e-01 0.00000000e+00 0.00000000e+00
ID0 -1.46435074e+00 3.01251672e-01 -1.54717055e+00 -2.61934307e-01 0.00000000e+00 0.00000000e+00
ID0 -1.45042258e+00 3.06822008e-01 -1.55901997e+00 -2.55386778e-01 0.00000000e+00 0.00000000e+00
ID0 -1.43624257e+00 3.12247008e-01 -1.57056681e+00 -2.48724662e-01 0.00000000e+00 0.00000000e+00
ID0 -1.42181743e+00 3.17523286e-01 -1.58180593e+00 -2.41952711e-01 0.00000000e+00 0.00000000e+00
ID0 -1.40715406e+00 3.22647491e-01 -1.59273241e+00 -2.35076047e-01 0.00000000e+00 0.00000000e+00
ID0 -1.39225952e+00 3.27615594e-01 -1.60334161e+00 -2.28101235e-01 0.00000000e+00 0.00000000e+00
ID0 -1.37714106e+00 3.32422587e-01 -1.61362920e+00 -2.21037044e-01 0.00000000e+00 0.00000000e+00
ID0 -1.36180625e+00 3.37059685e-01 -1.62359144e+00 -2.13899322e-01 0.00000000e+00 0.00000000e+00
ID0 -1.34626317e+00 3.41510870e-01 -1.63322552e+00 -2.06718351e-01 0.00000000e+00 0.00000000e+00
ID0 -1.33052113e+00 3.45738303e-01 -1.64253097e+00 -1.99567475e-01 0.00000000e+00 0.00000000e+00
ID0 -1.31459197e+00 3.49660805e-01 -1.65151238e+00 -1.92612235e-01 0.00000000e+00 0.00000000e+00
ID0 -1.29849245e+00 3.53155814e-01 -1.66018482e+00 -1.86126630e-01 0.00000000e+00 0.00000000e+00
ID0 -1.28224504e+00 3.56100890e-01 -1.66857706e+00 -1.80428124e-01 0.00000000e+00 0.00000000e+00
ID0 -1.26587631e+00 3.58454189e-01 -1.67673029e+00 -1.75706420e-01 0.00000000e+00 0.00000000e+00
ID0 -1.24941240e+00 3.60273084e-01 -1.68468968e+00 -1.71946087e-01 0.00000000e+00 0.00000000e+00
ID0 -1.23287532e+00 3.61669089e-01 -1.69249599e+00 -1.68990006e-01 0.00000000e+00 0.00000000e+00
ID0 -1.21628158e+00 3.62764460e-01 -1.70018115e+00 -1.66625625e-01 0.00000000e+00 0.00000000e+00
ID0 -1.19964294e+00 3.63640736e-01 -1.70776866e+00 -1.64704484e-01 0.00000000e+00 0.00000000e+00
ID0 -1.18296795e+00 3.64359568e-01 -1.71527594e+00 -1.63108117e-01 0.00000000e+00 0.00000000e+00
ID0 -1.16626292e+00 3.64957248e-01 -1.72271617e+00 -1.61766374e-01 0.00000000e+00 0.00000000e+00
ID0 -1.14953274e+00 3.65461672e-01 -1.73009966e+00 -1.60623530e-01 0.00000000e+00 0.00000000e+00
ID0 -1.13278123e+00 3.65890669e-01 -1.73743466e+00 -1.59643887e-01 0.00000000e+00 0.00000000e+00
ID0 -1.11601151e+00 3.66259066e-01 -1.74472791e+00 -1.58796881e-01 0.00000000e+00 0.00000000e+00
ID0 -1.09922611e+00 3.66576812e-01 -1.75198501e+00 -1.58061993e-01 0.00000000e+00 0.00000000e+00
ID0 -1.08242715e+00 3.66852471e-01 -1.75921065e+00 -1.57421145e-01 0.00000000e+00 0.00000000e+00
ID0 -1.06561640e+00 3.67092269e-01 -1.76640884e+00 -1.56861143e-01 0.00000000e+00 0.00000000e+00
ID0 -1.04879538e+00 3.67301803e-01 -1.77358299e+00 -1.56369875e-01 0.00000000e+00 0.00000000e+00
ID0 -1.03196537e+00 3.67485259e-01 -1.78073604e+00 -1.55938246e-01 0.00000000e+00 0.00000000e+00
ID0 -1.01512748e+00 3.67646566e-01 -1.78787051e+00 -1.55557560e-01 0.00000000e+00 0.00000000e+00
ID0 -9.98282647e-01 3.67788671e-01 -1.79498858e+00 -1.55221280e-01 0.00000000e+00 0.00000000e+00
ID0 -9.81431691e-01 3.67914465e-01 -1.80209213e+00 -1.54922881e-01 0.00000000e+00 0.00000000e+00
ID0 -9.64575304e-01 3.68026105e-01 -1.80918280e+00 -1.54657486e-01 0.00000000e+00 0.00000000e+00
ID0 -9.47714087e-01 3.68125670e-01 -1.81626196e+00 -1.54420346e-01 0.00000000e+00 0.00000000e+00
ID0 -9.30848554e-01 3.68214814e-01 -1.82333084e+00 -1.54207662e-01 0.00000000e+00 0.00000000e+00
ID0 -9.13979145e-01 3.68295123e-01 -1.83039046e+00 -1.54015761e-01 0.00000000e+00 0.00000000e+00
ID0 -8.97106235e-01 3.68367878e-01 -1.83744172e+00 -1.53841669e-01 0.00000000e+00 0.00000000e+00
ID0 -8.80230142e-01 3.68434314e-01 -1.84448535e+00 -1.53682493e-01 0.00000000e+00 0.00000000e+00
ID0 -8.63351129e-01 3.68495485e-01 -1.85152198e+00 -1.53535761e-01 0.00000000e+00 0.00000000e+00
ID0 -8.46469416e-01 3.68552367e-01 -1.85855213e+00 -1.53399170e-01 0.00000000e+00 0.00000000e+00
ID0 -8.29585178e-01 3.68605881e-01 -1.86557621e+00 -1.53270535e-01 0.00000000e+00 0.00000000e+00
ID0 -8.12698550e-01 3.68656845e-01 -1.87259455e+00 -1.53147912e-01 0.00000000e+00 0.00000000e+00
ID0 -7.95809630e-01 3.68706076e-01 -1.87960737e+00 -1.53029350e-01 0.00000000e+00 0.00000000e+00
ID0 -7.78918480e-01 3.68754336e-01 -1.88661481e+00 -1.52913021e-01 0.00000000e+00 0.00000000e+00
ID0 -7.62025126e-01 3.68802437e-01 -1.89361695e+00 -1.52796973e-01 0.00000000e+00 0.00000000e+00
ID0 -7.45129558e-01 3.68851103e-01 -1.90061373e+00 -1.52679457e-01 0.00000000e+00 0.00000000e+00
ID0 -7.28231732e-01 3.68901172e-01 -1.90760507e+00 -1.52558440e-01 0.00000000e+00 0.00000000e+00
ID0 -7.11331566e-01 3.68953388e-01 -1.91459074e+00 -1.52432115e-01 0.00000000e+00 0.00000000e+00
ID0 -6.94428942e-01 3.69008666e-01 -1.92157046e+00 -1.52298249e-01 0.00000000e+00 0.00000000e+00
ID0 -6.77523697e-01 3.69067960e-01 -1.92854384e+00 -1.52154504e-01 0.00000000e+00 0.00000000e+00
ID0 -6.60615623e-01 3.69132451e-01 -1.93551035e+00 -1.51997980e-01 0.00000000e+00 0.00000000e+00
ID0 -6.43704448e-01 3.69203563e-01 -1.94246933e+00 -1.51825168e-01 0.00000000e+00 0.00000000e+00
ID0 -6.26789831e-01 3.69283024e-01 -1.94941994e+00 -1.51631794e-01 0.00000000e+00 0.00000000e+00
ID0 -6.09871350e-01 3.69372533e-01 -1.95636114e+00 -1.51413620e-01 0.00000000e+00 0.00000000e+00
ID0 -5.92948512e-01 3.69473498e-01 -1.96329171e+00 -1.51167082e-01 0.00000000e+00 0.00000000e+00
ID0 -5.76020762e-01 3.69587169e-01 -1.97021027e+00 -1.50888957e-01 0.00000000e+00 0.00000000e+00
ID0 -5.59087489e-01 3.69714870e-01 -1.97711531e+00 -1.50575786e-01 0.00000000e+00 0.00000000e+00
ID0 -5.42148009e-01 3.69858537e-01 -1.98400510e+00 -1.50222550e-01 0.00000000e+00 0.00000000e+00
ID0 -5.25201540e-01 3.70020455e-01 -1.99087769e+00 -1.49823280e-01 0.00000000e+00 0.00000000e+00
ID0 -5.08247178e-01 3.70203663e-01 -1.99773078e+00 -1.49370011e-01 0.00000000e+00 0.00000000e+00
ID0 -4.91283876e-01 3.70411437e-01 -2.00456170e+00 -1.48854023e-01 0.00000000e+00 0.00000000e+00
ID0 -4.74310410e-01 3.70648137e-01 -2.01136733e+00 -1.48263654e-01 0.00000000e+00 0.00000000e+00
ID0 -4.57325353e-01 3.70918409e-01 -2.01814399e+00 -1.47586199e-01 0.00000000e+00 0.00000000e+00
ID0 -4.40327024e-01 3.71228653e-01 -2.02488728e+00 -1.46804087e-01 0.00000000e+00 0.00000000e+00
ID0 -4.23313442e-01 3.71585774e-01 -2.03159198e+00 -1.45897789e-01 0.00000000e+00 0.00000000e+00
ID0 -4.06282240e-01 3.71999643e-01 -2.03825180e+00 -1.44839284e-01 0.00000000e+00 0.00000000e+00
ID0 -3.89230574e-01 3.72481532e-01 -2.04485904e+00 -1.43595475e-01 0.00000000e+00 0.00000000e+00
ID0 -3.72154966e-01 3.73047835e-01 -2.05140415e+00 -1.42117786e-01 0.00000000e+00 0.00000000e+00
ID0 -3.55051116e-01 3.73719018e-01 -2.05787508e+00 -1.40343321e-01 0.00000000e+00 0.00000000e+00
ID0 -3.37913516e-01 3.74526999e-01 -2.06425607e+00 -1.38172643e-01 0.00000000e+00 0.00000000e+00
ID0 -3.20735038e-01 3.75512585e-01 -2.07052613e+00 -1.35471220e-01 0.00000000e+00 0.00000000e+00
ID0 -3.03506240e-01 3.76732822e-01 -2.07665651e+00 -1.32039894e-01 0.00000000e+00 0.00000000e+00
ID0 -2.86215165e-01 3.78239130e-01 -2.08260884e+00 -1.27660929e-01 0.00000000e+00 0.00000000e+00
ID0 -2.68848179e-01 3.80042821e-01 -2.08833573e+00 -1.22186770e-01 0.00000000e+00 0.00000000e+00
ID0 -2.51392846e-01 3.82078121e-01 -2.09378719e+00 -1.15665302e-01 0.00000000e+00 0.00000000e+00
ID0 -2.33841342e-01 3.84219920e-01 -2.09892039e+00 -1.08338385e-01 0.00000000e+00 0.00000000e+00
ID0 -2.16191798e-01 3.86339189e-01 -2.10370551e+00 -1.00519568e-01 0.00000000e+00 0.00000000e+00
ID0 -1.98447387e-01 3.88352214e-01 -2.10812580e+00 -9.24376056e-02 0.00000000e+00 0.00000000e+00
ID0 -1.80614054e-01 3.90217156e-01 -2.11217241e+00 -8.42183119e-02 0.00000000e+00 0.00000000e+00
ID0 -1.62699013e-01 3.91917883e-01 -2.11584038e+00 -7.59113027e-02 0.00000000e+00 0.00000000e+00
ID0 -1.44709978e-01 3.93446790e-01 -2.11912629e+00 -6.75409203e-02 0.00000000e+00 0.00000000e+00
ID0 -1.26654918e-01 3.94799999e-01 -2.12202756e+00 -5.91194861e-02 0.00000000e+00 0.00000000e+00
ID0 -1.08541945e-01 3.95974920e-01 -2.12454205e+00 -5.06558508e-02 0.00000000e+00 0.00000000e+00
ID0 -9.03792691e-02 3.96969723e-01 -2.12666800e+00 -4.21567522e-02 0.00000000e+00 0.00000000e+00
ID0 -7.21751759e-02 3.97782972e-01 -2.12840392e+00 -3.36282586e-02 0.00000000e+00 0.00000000e+00
ID0 -5.39380086e-02 3.98413554e-01 -2.12974858e+00 -2.50757394e-02 0.00000000e+00 0.00000000e+00
ID0 -3.56761567e-02 3.98860566e-01 -2.13070102e+00 -1.65046007e-02 0.00000000e+00 0.00000000e+00
ID0 -1.73980455e-02 3.99123325e-01 -2.13126049e+00 -7.91984846e-03 0.00000000e+00 0.00000000e+00
ID0 8.87872175e-04 3.99201327e-01 -2.13142649e+00 6.73474325e-04 0.00000000e+00 0.00000000e+00
ID0 1.91731247e-02 3.99094247e-01 -2.13119874e+00 9.27011571e-03 0.00000000e+00 0.00000000e+00
ID0 3.74492302e-02 3.98801971e-01 -2.13057722e+00 1.78645002e-02 0.00000000e+00 0.00000000e+00
ID0 5.57077070e-02 3.98324630e-01 -2.12956216e+00 2.64507432e-02 0.00000000e+00 0.00000000e+00
ID0 7.39400860e-02 3.97662649e-01 -2.12815408e+00 3.50224239e-02 0.00000000e+00 0.00000000e+00
ID0 9.21379245e-02 3.96816743e-01 -2.12635379e+00 4.35732167e-02 0.00000000e+00 0.00000000e+00
ID0 1.10292817e-01 3.95787832e-01 -2.12416239e+00 5.20974520e-02 0.00000000e+00 0.00000000e+00
ID0 1.28396408e-01 3.94577129e-01 -2.12158123e+00 6.05891271e-02 0.00000000e+00 0.00000000e+00
ID0 1.46440403e-01 3.93186297e-01 -2.11861195e+00 6.90412098e-02 0.00000000e+00 0.00000000e+00
ID0 1.64416607e-01 3.91617867e-01 -2.11525656e+00 7.74441647e-02 0.00000000e+00 0.00000000e+00
ID0 1.82316970e-01 3.89876168e-01 -2.11151764e+00 8.57830194e-02 0.00000000e+00 0.00000000e+00
ID0 2.00133741e-01 3.87970491e-01 -2.10739873e+00 9.40268642e-02 0.00000000e+00 0.00000000e+00
ID0 2.17859804e-01 3.85921329e-01 -2.10290543e+00 1.02112099e-01 0.00000000e+00 0.00000000e+00
ID0 2.35489689e-01 3.83784003e-01 -2.09804837e+00 1.09872618e-01 0.00000000e+00 0.00000000e+00
ID0 2.53021372e-01 3.81654757e-01 -2.09284784e+00 1.17054687e-01 0.00000000e+00 0.00000000e+00
ID0 2.70458408e-01 3.79673903e-01 -2.08733808e+00 1.23328345e-01 0.00000000e+00 0.00000000e+00
ID0 2.87810325e-01 3.77952872e-01 -2.08156564e+00 1.28505955e-01 0.00000000e+00 0.00000000e+00
ID0 3.05090319e-01 3.76534513e-01 -2.07558118e+00 1.32604351e-01 0.00000000e+00 0.00000000e+00
ID0 3.22311888e-01 3.75392756e-01 -2.06943050e+00 1.35802918e-01 0.00000000e+00 0.00000000e+00
ID0 3.39486319e-01 3.74467510e-01 -2.06314935e+00 1.38333791e-01 0.00000000e+00 0.00000000e+00
ID0 3.56622318e-01 3.73706258e-01 -2.05676405e+00 1.40377302e-01 0.00000000e+00 0.00000000e+00
ID0 3.73726407e-01 3.73069548e-01 -2.05029375e+00 1.42060783e-01 0.00000000e+00 0.00000000e+00
ID0 3.90803651e-01 3.72529921e-01 -2.04375291e+00 1.43469898e-01 0.00000000e+00 0.00000000e+00
ID0 4.07858011e-01 3.72068054e-01 -2.03715262e+00 1.44663461e-01 0.00000000e+00 0.00000000e+00
ID0 4.24892720e-01 3.71669710e-01 -2.03050178e+00 1.45683839e-01 0.00000000e+00 0.00000000e+00
ID0 4.41910422e-01 3.71324081e-01 -2.02380753e+00 1.46562549e-01 0.00000000e+00 0.00000000e+00
ID0 4.58913336e-01 3.71022765e-01 -2.01707581e+00 1.47323664e-01 0.00000000e+00 0.00000000e+00
ID0 4.75903335e-01 3.70759301e-01 -2.01031156e+00 1.47985453e-01 0.00000000e+00 0.00000000e+00
ID0 4.92882027e-01 3.70528219e-01 -2.00351898e+00 1.48563094e-01 0.00000000e+00 0.00000000e+00
ID0 5.09850788e-01 3.70325109e-01 -1.99670162e+00 1.49068668e-01 0.00000000e+00 0.00000000e+00
ID0 5.26810812e-01 3.70146139e-01 -1.98986255e+00 1.49512506e-01 0.00000000e+00 0.00000000e+00
ID0 5.43763128e-01 3.69988095e-01 -1.98300440e+00 1.49903181e-01 0.00000000e+00 0.00000000e+00
ID0 5.60708630e-01 3.69848177e-01 -1.97612944e+00 1.50248061e-01 0.00000000e+00 0.00000000e+00
ID0 5.77648089e-01 3.69723932e-01 -1.96923959e+00 1.50553538e-01 0.00000000e+00 0.00000000e+00
ID0 5.94582176e-01 3.69613270e-01 -1.96233655e+00 1.50825013e-01 0.00000000e+00 0.00000000e+00
ID0 6.11511468e-01 3.69514340e-01 -1.95542176e+00 1.51067224e-01 0.00000000e+00 0.00000000e+00
ID0 6.28436467e-01 3.69425559e-01 -1.94849647e+00 1.51284205e-01 0.00000000e+00 0.00000000e+00
ID0 6.45357603e-01 3.69345433e-01 -1.94156174e+00 1.51479719e-01 0.00000000e+00 0.00000000e+00
ID0 6.62275243e-01 3.69272754e-01 -1.93461850e+00 1.51656808e-01 0.00000000e+00 0.00000000e+00
ID0 6.79189700e-01 3.69206305e-01 -1.92766750e+00 1.51818505e-01 0.00000000e+00 0.00000000e+00
ID0 6.96101238e-01 3.69145110e-01 -1.92070940e+00 1.51967239e-01 0.00000000e+00 0.00000000e+00
ID0 7.13010073e-01 3.69088160e-01 -1.91374473e+00 1.52105502e-01 0.00000000e+00 0.00000000e+00
ID0 7.29916381e-01 3.69034618e-01 -1.90677394e+00 1.52235360e-01 0.00000000e+00 0.00000000e+00
ID0 7.46820297e-01 3.68983614e-01 -1.89979734e+00 1.52358939e-01 0.00000000e+00 0.00000000e+00
ID0 7.63721921e-01 3.68934405e-01 -1.89281519e+00 1.52478059e-01 0.00000000e+00 0.00000000e+00
ID0 7.80621316e-01 3.68886181e-01 -1.88582766e+00 1.52594691e-01 0.00000000e+00 0.00000000e+00
ID0 7.97518510e-01 3.68838186e-01 -1.87883480e+00 1.52710663e-01 0.00000000e+00 0.00000000e+00
ID0 8.14413496e-01 3.68789646e-01 -1.87183660e+00 1.52827847e-01 0.00000000e+00 0.00000000e+00
ID0 8.31306231e-01 3.68739768e-01 -1.86483298e+00 1.52948153e-01 0.00000000e+00 0.00000000e+00
ID0 8.48196636e-01 3.68687771e-01 -1.85782374e+00 1.53073452e-01 0.00000000e+00 0.00000000e+00
ID0 8.65084593e-01 3.68632757e-01 -1.85080860e+00 1.53205888e-01 0.00000000e+00 0.00000000e+00
ID0 8.81969943e-01 3.68573773e-01 -1.84378719e+00 1.53347736e-01 0.00000000e+00 0.00000000e+00
ID0 8.98852477e-01 3.68509609e-01 -1.83675901e+00 1.53501864e-01 0.00000000e+00 0.00000000e+00
ID0 9.15731929e-01 3.68438911e-01 -1.82972343e+00 1.53671477e-01 0.00000000e+00 0.00000000e+00
ID0 9.32607956e-01 3.68359797e-01 -1.82267964e+00 1.53861021e-01 0.00000000e+00 0.00000000e+00
ID0 9.49480134e-01 3.68270575e-01 -1.81562664e+00 1.54074455e-01 0.00000000e+00 0.00000000e+00
ID0 9.66347961e-01 3.68169559e-01 -1.80856324e+00 1.54315683e-01 0.00000000e+00 0.00000000e+00
ID0 9.83210865e-01 3.68055450e-01 -1.80148809e+00 1.54587643e-01 0.00000000e+00 0.00000000e+00
ID0 1.00006821e+00 3.67926694e-01 -1.79439971e+00 1.54893841e-01 0.00000000e+00 0.00000000e+00
ID0 1.01691929e+00 3.67781340e-01 -1.78729645e+00 1.55238656e-01 0.00000000e+00 0.00000000e+00
ID0 1.03376328e+00 3.67616700e-01 -1.78017639e+00 1.55628133e-01 0.00000000e+00 0.00000000e+00
ID0 1.05059923e+00 3.67429609e-01 -1.77303733e+00 1.56069332e-01 0.00000000e+00 0.00000000e+00
ID0 1.06742602e+00 3.67216069e-01 -1.76587672e+00 1.56571110e-01 0.00000000e+00 0.00000000e+00
ID0 1.08424233e+00 3.66971381e-01 -1.75869153e+00 1.57143754e-01 0.00000000e+00 0.00000000e+00
ID0 1.10104661e+00 3.66689654e-01 -1.75147826e+00 1.57800037e-01 0.00000000e+00 0.00000000e+00
ID0 1.11783700e+00 3.66363716e-01 -1.74423271e+00 1.58555296e-01 0.00000000e+00 0.00000000e+00
ID0 1.13461128e+00 3.65984386e-01 -1.73694995e+00 1.59428929e-01 0.00000000e+00 0.00000000e+00
ID0 1.15136674e+00 3.65540093e-01 -1.72962399e+00 1.60444990e-01 0.00000000e+00 0.00000000e+00
ID0 1.16810007e+00 3.65015115e-01 -1.72224765e+00 1.61635763e-01 0.00000000e+00 0.00000000e+00
ID0 1.18480713e+00 3.64389055e-01 -1.71481198e+00 1.63042236e-01 0.00000000e+00 0.00000000e+00
ID0 1.20148264e+00 3.63631835e-01 -1.70730586e+00 1.64724141e-01 0.00000000e+00 0.00000000e+00
ID0 1.21811969e+00 3.62701104e-01 -1.69971487e+00 1.66763495e-01 0.00000000e+00 0.00000000e+00
ID0 1.23470892e+00 3.61530786e-01 -1.69201998e+00 1.69285689e-01 0.00000000e+00 0.00000000e+00
ID0 1.25123738e+00 3.60030468e-01 -1.68419547e+00 1.72453519e-01 0.00000000e+00 0.00000000e+00
ID0 1.26768723e+00 3.58077808e-01 -1.67620707e+00 1.76472200e-01 0.00000000e+00 0.00000000e+00
ID0 1.28403525e+00 3.55572746e-01 -1.66801245e+00 1.81466736e-01 0.00000000e+00 0.00000000e+00
ID0 1.30025514e+00 3.52487401e-01 -1.65956718e+00 1.87389397e-01 0.00000000e+00 0.00000000e+00
ID0 1.31632146e+00 3.48886131e-01 -1.65083341e+00 1.94011912e-01 0.00000000e+00 0.00000000e+00
ID0 1.33221362e+00 3.44905023e-01 -1.64178669e+00 2.01004178e-01 0.00000000e+00 0.00000000e+00
ID0 1.34791676e+00 3.40648615e-01 -1.63241574e+00 2.08136195e-01 0.00000000e+00 0.00000000e+00
ID0 1.36342000e+00 3.36184540e-01 -1.62271768e+00 2.15272176e-01 0.00000000e+00 0.00000000e+00
ID0 1.37871454e+00 3.31539835e-01 -1.61269372e+00 2.22358927e-01 0.00000000e+00 0.00000000e+00
ID0 1.39379243e+00 3.26727408e-01 -1.60234676e+00 2.29371654e-01 0.00000000e+00 0.00000000e+00
ID0 1.40864617e+00 3.21753938e-01 -1.59168049e+00 2.36297605e-01 0.00000000e+00 0.00000000e+00
ID0 1.42326847e+00 3.16623888e-01 -1.58069911e+00 2.43128501e-01 0.00000000e+00 0.00000000e+00
ID0 1.43765225e+00 3.11340914e-01 -1.56940712e+00 2.49857940e-01 0.00000000e+00 0.00000000e+00
ID0 1.45179059e+00 3.05908259e-01 -1.55780928e+00 2.56480587e-01 0.00000000e+00 0.00000000e+00
ID0 1.46567670e+00 3.00328999e-01 -1.54591060e+00 2.62991724e-01 0.00000000e+00 0.00000000e+00
ID0 1.47930392e+00 2.94606247e-01 -1.53371629e+00 2.69386921e-01 0.00000000e+00 0.00000000e+00
ID0 1.49266576e+00 2.88743130e-01 -1.52123176e+00 2.75662038e-01 0.00000000e+00 0.00000000e+00
ID0 1.50575587e+00 2.82742763e-01 -1.50846260e+00 2.81813209e-01 0.00000000e+00 0.00000000e+00
ID0 1.51856803e+00 2.76608646e-01 -1.49541458e+00 2.87836432e-01 0.00000000e+00 0.00000000e+00
ID0 1.53109619e+00 2.70344506e-01 -1.48209364e+00 2.93727769e-01 0.00000000e+00 0.00000000e+00
ID0 1.54333451e+00 2.63954620e-01 -1.46850592e+00 2.99483077e-01 0.00000000e+00 0.00000000e+00
ID0 1.55527732e+00 2.57443620e-01 -1.45465776e+00 3.05098242e-01 0.00000000e+00 0.00000000e+00
ID0 1.56691919e+00 2.50816654e-01 -1.44055566e+00 3.10569092e-01 0.00000000e+00 0.00000000e+00
ID0 1.57825492e+00 2.44078309e-01 -1.42620632e+00 3.15892281e-01 0.00000000e+00 0.00000000e+00
ID0 1.58927951e+00 2.37233627e-01 -1.41161657e+00 3.21064418e-01 0.00000000e+00 0.00000000e+00
ID0 1.59998823e+00 2.30288507e-01 -1.39679343e+00 3.26081827e-01 0.00000000e+00 0.00000000e+00
ID0 1.61037666e+00 2.23251001e-01 -1.38174407e+00 3.30939791e-01 0.00000000e+00 0.00000000e+00
ID0 1.62044080e+00 2.16133742e-01 -1.36647595e+00 3.35631286e-01 0.00000000e+00 0.00000000e+00
ID0 1.63017753e+00 2.08961407e-01 -1.35099697e+00 3.40143036e-01 0.00000000e+00 0.00000000e+00
ID0 1.63958535e+00 2.01789179e-01 -1.33531590e+00 3.44446341e-01 0.00000000e+00 0.00000000e+00
ID0 1.64866700e+00 1.94748393e-01 -1.31944368e+00 3.48475563e-01 0.00000000e+00 0.00000000e+00
ID0 1.65743350e+00 1.88084944e-01 -1.30339520e+00 3.52116754e-01 0.00000000e+00 0.00000000e+00
ID0 1.66590953e+00 1.82113764e-01 -1.28719137e+00 3.55241794e-01 0.00000000e+00 0.00000000e+00
ID0 1.67413291e+00 1.77082430e-01 -1.27085779e+00 3.57776422e-01 0.00000000e+00 0.00000000e+00
ID0 1.68214868e+00 1.73041449e-01 -1.25442127e+00 3.59748262e-01 0.00000000e+00 0.00000000e+00
ID0 1.68999969e+00 1.69855854e-01 -1.23790538e+00 3.61263262e-01 0.00000000e+00 0.00000000e+00
ID0 1.69772065e+00 1.67331868e-01 -1.22132826e+00 3.62439238e-01 0.00000000e+00 0.00000000e+00
ID0 1.70533750e+00 1.65285449e-01 -1.20470304e+00 3.63377044e-01 0.00000000e+00 0.00000000e+00
ID0 1.71286928e+00 1.63600254e-01 -1.18803910e+00 3.64138864e-01 0.00000000e+00 0.00000000e+00
ID0 1.72033031e+00 1.62185603e-01 -1.17134336e+00 3.64771142e-01 0.00000000e+00 0.00000000e+00
ID0 1.72773169e+00 1.60987185e-01 -1.15462108e+00 3.65301631e-01 0.00000000e+00 0.00000000e+00
ID0 1.73508223e+00 1.59960337e-01 -1.13787639e+00 3.65752438e-01 0.00000000e+00 0.00000000e+00
ID0 1.74238909e+00 1.59075739e-01 -1.12111260e+00 3.66138041e-01 0.00000000e+00 0.00000000e+00
ID0 1.74965819e+00 1.58308117e-01 -1.10433239e+00 3.66470593e-01 0.00000000e+00 0.00000000e+00
ID0 1.75689448e+00 1.57640382e-01 -1.08753801e+00 3.66758321e-01 0.00000000e+00 0.00000000e+00
ID0 1.76410216e+00 1.57056682e-01 -1.07073132e+00 3.67008657e-01 0.00000000e+00 0.00000000e+00
ID0 1.77128480e+00 1.56545693e-01 -1.05391393e+00 3.67226908e-01 0.00000000e+00 0.00000000e+00
ID0 1.77844549e+00 1.56096531e-01 -1.03708717e+00 3.67418057e-01 0.00000000e+00 0.00000000e+00
ID0 1.78558686e+00 1.55701207e-01 -1.02025220e+00 3.67585758e-01 0.00000000e+00 0.00000000e+00
ID0 1.79271121e+00 1.55351862e-01 -1.00341003e+00 3.67733537e-01 0.00000000e+00 0.00000000e+00
ID0 1.79982049e+00 1.55042554e-01 -9.86561486e-01 3.67864054e-01 0.00000000e+00 0.00000000e+00
ID0 1.80691641e+00 1.54767472e-01 -9.69707311e-01 3.67979871e-01 0.00000000e+00 0.00000000e+00
ID0 1.81400042e+00 1.54522184e-01 -9.52848129e-01 3.68082939e-01 0.00000000e+00 0.00000000e+00
ID0 1.82107380e+00 1.54302367e-01 -9.35984482e-01 3.68175142e-01 0.00000000e+00 0.00000000e+00
ID0 1.82813762e+00 1.54104478e-01 -9.19116830e-01 3.68258015e-01 0.00000000e+00 0.00000000e+00
ID0 1.83519281e+00 1.53925233e-01 -9.02245568e-01 3.68332972e-01 0.00000000e+00 0.00000000e+00
ID0 1.84224017e+00 1.53761788e-01 -8.85371030e-01 3.68401233e-01 0.00000000e+00 0.00000000e+00
ID0 1.84928035e+00 1.53611507e-01 -8.68493497e-01 3.68463920e-01 0.00000000e+00 0.00000000e+00
ID0 1.85631390e+00 1.53472041e-01 -8.51613201e-01 3.68522032e-01 0.00000000e+00 0.00000000e+00
ID0 1.86334127e+00 1.53341217e-01 -8.34730330e-01 3.68576487e-01 0.00000000e+00 0.00000000e+00
ID0 1.87036281e+00 1.53216940e-01 -8.17845031e-01 3.68628166e-01 0.00000000e+00 0.00000000e+00
ID0 1.87737876e+00 1.53097384e-01 -8.00957413e-01 3.68677836e-01 0.00000000e+00 0.00000000e+00
ID0 1.88438931e+00 1.52980547e-01 -7.84067551e-01 3.68726332e-01 0.00000000e+00 0.00000000e+00
ID0 1.89139454e+00 1.52864671e-01 -7.67175480e-01 3.68774386e-01 0.00000000e+00 0.00000000e+00
ID0 1.89839444e+00 1.52747774e-01 -7.50281201e-01 3.68822821e-01 0.00000000e+00 0.00000000e+00
ID0 1.90538893e+00 1.52628075e-01 -7.33384682e-01 3.68872371e-01 0.00000000e+00 0.00000000e+00
ID0 1.91237783e+00 1.52503573e-01 -7.16485851e-01 3.68923862e-01 0.00000000e+00 0.00000000e+00
ID0 1.91936089e+00 1.52372305e-01 -6.99584602e-01 3.68978097e-01 0.00000000e+00 0.00000000e+00
ID0 1.92633773e+00 1.52231863e-01 -6.82680787e-01 3.69036063e-01 0.00000000e+00 0.00000000e+00
ID0 1.93330787e+00 1.52079632e-01 -6.65774211e-01 3.69098823e-01 0.00000000e+00 0.00000000e+00
ID0 1.94027072e+00 1.51912267e-01 -6.48864626e-01 3.69167738e-01 0.00000000e+00 0.00000000e+00
ID0 1.94722547e+00 1.51725652e-01 -6.31951710e-01 3.69244475e-01 0.00000000e+00 0.00000000e+00
ID0 1.95417115e+00 1.51515541e-01 -6.15035068e-01 3.69330741e-01 0.00000000e+00 0.00000000e+00
ID0 1.96110659e+00 1.51278013e-01 -5.98114225e-01 3.69428096e-01 0.00000000e+00 0.00000000e+00
ID0 1.96803046e+00 1.51009956e-01 -5.81188646e-01 3.69537750e-01 0.00000000e+00 0.00000000e+00
ID0 1.97494129e+00 1.50707913e-01 -5.64257736e-01 3.69661035e-01 0.00000000e+00 0.00000000e+00
ID0 1.98183742e+00 1.50367675e-01 -5.47320837e-01 3.69799564e-01 0.00000000e+00 0.00000000e+00
ID0 1.98871698e+00 1.49983140e-01 -5.30377199e-01 3.69955691e-01 0.00000000e+00 0.00000000e+00
ID0 1.99557779e+00 1.49547538e-01 -5.13425958e-01 3.70131989e-01 0.00000000e+00 0.00000000e+00
ID0 2.00241730e+00 1.49051665e-01 -4.96466113e-01 3.70331955e-01 0.00000000e+00 0.00000000e+00
ID0 2.00923253e+00 1.48485728e-01 -4.79496498e-01 3.70559232e-01 0.00000000e+00 0.00000000e+00
ID0 2.01601997e+00 1.47836263e-01 -4.62515752e-01 3.70818817e-01 0.00000000e+00 0.00000000e+00
ID0 2.02277549e+00 1.47088734e-01 -4.45522278e-01 3.71115966e-01 0.00000000e+00 0.00000000e+00
ID0 2.02949412e+00 1.46222513e-01 -4.28514190e-01 3.71458116e-01 0.00000000e+00 0.00000000e+00
ID0 2.03616994e+00 1.45214760e-01 -4.11489252e-01 3.71853236e-01 0.00000000e+00 0.00000000e+00
ID0 2.04279571e+00 1.44031260e-01 -3.94444776e-01 3.72313244e-01 0.00000000e+00 0.00000000e+00
ID0 2.04936252e+00 1.42632489e-01 -3.77377502e-01 3.72851349e-01 0.00000000e+00 0.00000000e+00
ID0 2.05585917e+00 1.40956113e-01 -3.60283399e-01 3.73488326e-01 0.00000000e+00 0.00000000e+00
ID0 2.06227121e+00 1.38921445e-01 -3.43157390e-01 3.74249900e-01 0.00000000e+00 0.00000000e+00
ID0 2.06857941e+00 1.36398526e-01 -3.25992874e-01 3.75176755e-01 0.00000000e+00 0.00000000e+00
ID0 2.07475777e+00 1.33216832e-01 -3.08781216e-01 3.76318258e-01 0.00000000e+00 0.00000000e+00
ID0 2.08077087e+00 1.29148606e-01 -2.91511166e-01 3.77733760e-01 0.00000000e+00 0.00000000e+00
ID0 2.08657372e+00 1.24015901e-01 -2.74169395e-01 3.79449881e-01 0.00000000e+00 0.00000000e+00
ID0 2.09211626e+00 1.17796723e-01 -2.56742747e-01 3.81426386e-01 0.00000000e+00 0.00000000e+00
ID0 2.09735228e+00 1.10684033e-01 -2.39221624e-01 3.83550780e-01 0.00000000e+00 0.00000000e+00
ID0 2.10224796e+00 1.02984756e-01 -2.21602419e-01 3.85689378e-01 0.00000000e+00 0.00000000e+00
ID0 2.10678276e+00 9.49667287e-02 -2.03886923e-01 3.87741507e-01 0.00000000e+00 0.00000000e+00
ID0 2.11094609e+00 8.67814977e-02 -1.86080474e-01 3.89655139e-01 0.00000000e+00 0.00000000e+00
ID0 2.11473205e+00 7.84985801e-02 -1.68189995e-01 3.91407880e-01 0.00000000e+00 0.00000000e+00
ID0 2.11813690e+00 7.01459066e-02 -1.50223092e-01 3.92990722e-01 0.00000000e+00 0.00000000e+00
ID0 2.12115785e+00 6.17392916e-02 -1.32187671e-01 3.94398803e-01 0.00000000e+00 0.00000000e+00
ID0 2.12379264e+00 5.32878185e-02 -1.14091805e-01 3.95629327e-01 0.00000000e+00 0.00000000e+00
ID0 2.12603940e+00 4.47990302e-02 -9.59436767e-02 3.96680227e-01 0.00000000e+00 0.00000000e+00
ID0 2.12789656e+00 3.62789729e-02 -7.77515521e-02 3.97549987e-01 0.00000000e+00 0.00000000e+00
ID0 2.12936281e+00 2.77333084e-02 -5.95237573e-02 3.98237391e-01 0.00000000e+00 0.00000000e+00
ID0 2.13043712e+00 1.91673246e-02 -4.12686686e-02 3.98741482e-01 0.00000000e+00 0.00000000e+00
