SL=380
BINS=10
CURR=0.029959808
BSIG=1.0769344e-06
BCE=(-3.2308032e-06 -5.38467199999e-06 -7.53854079999e-06 -9.69240959999e-06 -1.18462784e-05 -1.40001472e-05 -1.6154016e-05 -1.83078848e-05 -2.04617536e-05)
NX=32
NY=32
NZ=128
DT=1.0e-13
NP=10000
PROCX=2
PROCY=2
FILES="2 3 4 5 6 7 8 9 10"
